-1.000000000000000 -1.000000000000000 -1.000000000000000
-1.000000000000000 -0.969568046270218 -1.000000000000000
-1.000000000000000 -0.899200533093472 -1.000000000000000
-1.000000000000000 -0.792008291861815 -1.000000000000000
-1.000000000000000 -0.652388702882493 -1.000000000000000
-1.000000000000000 -0.486059421887138 -1.000000000000000
-1.000000000000000 -0.299830468900763 -1.000000000000000
-1.000000000000000 -0.101326273521949 -1.000000000000000
-1.000000000000000 0.101326273521949 -1.000000000000000
-1.000000000000000 0.299830468900763 -1.000000000000000
-1.000000000000000 0.486059421887138 -1.000000000000000
-1.000000000000000 0.652388702882493 -1.000000000000000
-1.000000000000000 0.792008291861815 -1.000000000000000
-1.000000000000000 0.899200533093472 -1.000000000000000
-1.000000000000000 0.969568046270218 -1.000000000000000
-1.000000000000000 1.000000000000000 -1.000000000000000
-0.969568046270218 -1.000000000000000 -1.000000000000000
-0.969568046270218 -0.969568046270218 -1.000000000000000
-0.969568046270218 -0.899200533093472 -1.000000000000000
-0.969568046270218 -0.792008291861815 -1.000000000000000
-0.969568046270218 -0.652388702882493 -1.000000000000000
-0.969568046270218 -0.486059421887138 -1.000000000000000
-0.969568046270218 -0.299830468900763 -1.000000000000000
-0.969568046270218 -0.101326273521949 -1.000000000000000
-0.969568046270218 0.101326273521949 -1.000000000000000
-0.969568046270218 0.299830468900763 -1.000000000000000
-0.969568046270218 0.486059421887138 -1.000000000000000
-0.969568046270218 0.652388702882493 -1.000000000000000
-0.969568046270218 0.792008291861815 -1.000000000000000
-0.969568046270218 0.899200533093472 -1.000000000000000
-0.969568046270218 0.969568046270218 -1.000000000000000
-0.969568046270218 1.000000000000000 -1.000000000000000
-0.899200533093472 -1.000000000000000 -1.000000000000000
-0.899200533093472 -0.969568046270218 -1.000000000000000
-0.899200533093472 -0.899200533093472 -1.000000000000000
-0.899200533093472 -0.792008291861815 -1.000000000000000
-0.899200533093472 -0.652388702882493 -1.000000000000000
-0.899200533093472 -0.486059421887138 -1.000000000000000
-0.899200533093472 -0.299830468900763 -1.000000000000000
-0.899200533093472 -0.101326273521949 -1.000000000000000
-0.899200533093472 0.101326273521949 -1.000000000000000
-0.899200533093472 0.299830468900763 -1.000000000000000
-0.899200533093472 0.486059421887138 -1.000000000000000
-0.899200533093472 0.652388702882493 -1.000000000000000
-0.899200533093472 0.792008291861815 -1.000000000000000
-0.899200533093472 0.899200533093472 -1.000000000000000
-0.899200533093472 0.969568046270218 -1.000000000000000
-0.899200533093472 1.000000000000000 -1.000000000000000
-0.792008291861815 -1.000000000000000 -1.000000000000000
-0.792008291861815 -0.969568046270218 -1.000000000000000
-0.792008291861815 -0.899200533093472 -1.000000000000000
-0.792008291861815 -0.792008291861815 -1.000000000000000
-0.792008291861815 -0.652388702882493 -1.000000000000000
-0.792008291861815 -0.486059421887138 -1.000000000000000
-0.792008291861815 -0.299830468900763 -1.000000000000000
-0.792008291861815 -0.101326273521949 -1.000000000000000
-0.792008291861815 0.101326273521949 -1.000000000000000
-0.792008291861815 0.299830468900763 -1.000000000000000
-0.792008291861815 0.486059421887138 -1.000000000000000
-0.792008291861815 0.652388702882493 -1.000000000000000
-0.792008291861815 0.792008291861815 -1.000000000000000
-0.792008291861815 0.899200533093472 -1.000000000000000
-0.792008291861815 0.969568046270218 -1.000000000000000
-0.792008291861815 1.000000000000000 -1.000000000000000
-0.652388702882493 -1.000000000000000 -1.000000000000000
-0.652388702882493 -0.969568046270218 -1.000000000000000
-0.652388702882493 -0.899200533093472 -1.000000000000000
-0.652388702882493 -0.792008291861815 -1.000000000000000
-0.652388702882493 -0.652388702882493 -1.000000000000000
-0.652388702882493 -0.486059421887138 -1.000000000000000
-0.652388702882493 -0.299830468900763 -1.000000000000000
-0.652388702882493 -0.101326273521949 -1.000000000000000
-0.652388702882493 0.101326273521949 -1.000000000000000
-0.652388702882493 0.299830468900763 -1.000000000000000
-0.652388702882493 0.486059421887138 -1.000000000000000
-0.652388702882493 0.652388702882493 -1.000000000000000
-0.652388702882493 0.792008291861815 -1.000000000000000
-0.652388702882493 0.899200533093472 -1.000000000000000
-0.652388702882493 0.969568046270218 -1.000000000000000
-0.652388702882493 1.000000000000000 -1.000000000000000
-0.486059421887138 -1.000000000000000 -1.000000000000000
-0.486059421887138 -0.969568046270218 -1.000000000000000
-0.486059421887138 -0.899200533093472 -1.000000000000000
-0.486059421887138 -0.792008291861815 -1.000000000000000
-0.486059421887138 -0.652388702882493 -1.000000000000000
-0.486059421887138 -0.486059421887138 -1.000000000000000
-0.486059421887138 -0.299830468900763 -1.000000000000000
-0.486059421887138 -0.101326273521949 -1.000000000000000
-0.486059421887138 0.101326273521949 -1.000000000000000
-0.486059421887138 0.299830468900763 -1.000000000000000
-0.486059421887138 0.486059421887138 -1.000000000000000
-0.486059421887138 0.652388702882493 -1.000000000000000
-0.486059421887138 0.792008291861815 -1.000000000000000
-0.486059421887138 0.899200533093472 -1.000000000000000
-0.486059421887138 0.969568046270218 -1.000000000000000
-0.486059421887138 1.000000000000000 -1.000000000000000
-0.299830468900763 -1.000000000000000 -1.000000000000000
-0.299830468900763 -0.969568046270218 -1.000000000000000
-0.299830468900763 -0.899200533093472 -1.000000000000000
-0.299830468900763 -0.792008291861815 -1.000000000000000
-0.299830468900763 -0.652388702882493 -1.000000000000000
-0.299830468900763 -0.486059421887138 -1.000000000000000
-0.299830468900763 -0.299830468900763 -1.000000000000000
-0.299830468900763 -0.101326273521949 -1.000000000000000
-0.299830468900763 0.101326273521949 -1.000000000000000
-0.299830468900763 0.299830468900763 -1.000000000000000
-0.299830468900763 0.486059421887138 -1.000000000000000
-0.299830468900763 0.652388702882493 -1.000000000000000
-0.299830468900763 0.792008291861815 -1.000000000000000
-0.299830468900763 0.899200533093472 -1.000000000000000
-0.299830468900763 0.969568046270218 -1.000000000000000
-0.299830468900763 1.000000000000000 -1.000000000000000
-0.101326273521949 -1.000000000000000 -1.000000000000000
-0.101326273521949 -0.969568046270218 -1.000000000000000
-0.101326273521949 -0.899200533093472 -1.000000000000000
-0.101326273521949 -0.792008291861815 -1.000000000000000
-0.101326273521949 -0.652388702882493 -1.000000000000000
-0.101326273521949 -0.486059421887138 -1.000000000000000
-0.101326273521949 -0.299830468900763 -1.000000000000000
-0.101326273521949 -0.101326273521949 -1.000000000000000
-0.101326273521949 0.101326273521949 -1.000000000000000
-0.101326273521949 0.299830468900763 -1.000000000000000
-0.101326273521949 0.486059421887138 -1.000000000000000
-0.101326273521949 0.652388702882493 -1.000000000000000
-0.101326273521949 0.792008291861815 -1.000000000000000
-0.101326273521949 0.899200533093472 -1.000000000000000
-0.101326273521949 0.969568046270218 -1.000000000000000
-0.101326273521949 1.000000000000000 -1.000000000000000
0.101326273521949 -1.000000000000000 -1.000000000000000
0.101326273521949 -0.969568046270218 -1.000000000000000
0.101326273521949 -0.899200533093472 -1.000000000000000
0.101326273521949 -0.792008291861815 -1.000000000000000
0.101326273521949 -0.652388702882493 -1.000000000000000
0.101326273521949 -0.486059421887138 -1.000000000000000
0.101326273521949 -0.299830468900763 -1.000000000000000
0.101326273521949 -0.101326273521949 -1.000000000000000
0.101326273521949 0.101326273521949 -1.000000000000000
0.101326273521949 0.299830468900763 -1.000000000000000
0.101326273521949 0.486059421887138 -1.000000000000000
0.101326273521949 0.652388702882493 -1.000000000000000
0.101326273521949 0.792008291861815 -1.000000000000000
0.101326273521949 0.899200533093472 -1.000000000000000
0.101326273521949 0.969568046270218 -1.000000000000000
0.101326273521949 1.000000000000000 -1.000000000000000
0.299830468900763 -1.000000000000000 -1.000000000000000
0.299830468900763 -0.969568046270218 -1.000000000000000
0.299830468900763 -0.899200533093472 -1.000000000000000
0.299830468900763 -0.792008291861815 -1.000000000000000
0.299830468900763 -0.652388702882493 -1.000000000000000
0.299830468900763 -0.486059421887138 -1.000000000000000
0.299830468900763 -0.299830468900763 -1.000000000000000
0.299830468900763 -0.101326273521949 -1.000000000000000
0.299830468900763 0.101326273521949 -1.000000000000000
0.299830468900763 0.299830468900763 -1.000000000000000
0.299830468900763 0.486059421887138 -1.000000000000000
0.299830468900763 0.652388702882493 -1.000000000000000
0.299830468900763 0.792008291861815 -1.000000000000000
0.299830468900763 0.899200533093472 -1.000000000000000
0.299830468900763 0.969568046270218 -1.000000000000000
0.299830468900763 1.000000000000000 -1.000000000000000
0.486059421887138 -1.000000000000000 -1.000000000000000
0.486059421887138 -0.969568046270218 -1.000000000000000
0.486059421887138 -0.899200533093472 -1.000000000000000
0.486059421887138 -0.792008291861815 -1.000000000000000
0.486059421887138 -0.652388702882493 -1.000000000000000
0.486059421887138 -0.486059421887138 -1.000000000000000
0.486059421887138 -0.299830468900763 -1.000000000000000
0.486059421887138 -0.101326273521949 -1.000000000000000
0.486059421887138 0.101326273521949 -1.000000000000000
0.486059421887138 0.299830468900763 -1.000000000000000
0.486059421887138 0.486059421887138 -1.000000000000000
0.486059421887138 0.652388702882493 -1.000000000000000
0.486059421887138 0.792008291861815 -1.000000000000000
0.486059421887138 0.899200533093472 -1.000000000000000
0.486059421887138 0.969568046270218 -1.000000000000000
0.486059421887138 1.000000000000000 -1.000000000000000
0.652388702882493 -1.000000000000000 -1.000000000000000
0.652388702882493 -0.969568046270218 -1.000000000000000
0.652388702882493 -0.899200533093472 -1.000000000000000
0.652388702882493 -0.792008291861815 -1.000000000000000
0.652388702882493 -0.652388702882493 -1.000000000000000
0.652388702882493 -0.486059421887138 -1.000000000000000
0.652388702882493 -0.299830468900763 -1.000000000000000
0.652388702882493 -0.101326273521949 -1.000000000000000
0.652388702882493 0.101326273521949 -1.000000000000000
0.652388702882493 0.299830468900763 -1.000000000000000
0.652388702882493 0.486059421887138 -1.000000000000000
0.652388702882493 0.652388702882493 -1.000000000000000
0.652388702882493 0.792008291861815 -1.000000000000000
0.652388702882493 0.899200533093472 -1.000000000000000
0.652388702882493 0.969568046270218 -1.000000000000000
0.652388702882493 1.000000000000000 -1.000000000000000
0.792008291861815 -1.000000000000000 -1.000000000000000
0.792008291861815 -0.969568046270218 -1.000000000000000
0.792008291861815 -0.899200533093472 -1.000000000000000
0.792008291861815 -0.792008291861815 -1.000000000000000
0.792008291861815 -0.652388702882493 -1.000000000000000
0.792008291861815 -0.486059421887138 -1.000000000000000
0.792008291861815 -0.299830468900763 -1.000000000000000
0.792008291861815 -0.101326273521949 -1.000000000000000
0.792008291861815 0.101326273521949 -1.000000000000000
0.792008291861815 0.299830468900763 -1.000000000000000
0.792008291861815 0.486059421887138 -1.000000000000000
0.792008291861815 0.652388702882493 -1.000000000000000
0.792008291861815 0.792008291861815 -1.000000000000000
0.792008291861815 0.899200533093472 -1.000000000000000
0.792008291861815 0.969568046270218 -1.000000000000000
0.792008291861815 1.000000000000000 -1.000000000000000
0.899200533093472 -1.000000000000000 -1.000000000000000
0.899200533093472 -0.969568046270218 -1.000000000000000
0.899200533093472 -0.899200533093472 -1.000000000000000
0.899200533093472 -0.792008291861815 -1.000000000000000
0.899200533093472 -0.652388702882493 -1.000000000000000
0.899200533093472 -0.486059421887138 -1.000000000000000
0.899200533093472 -0.299830468900763 -1.000000000000000
0.899200533093472 -0.101326273521949 -1.000000000000000
0.899200533093472 0.101326273521949 -1.000000000000000
0.899200533093472 0.299830468900763 -1.000000000000000
0.899200533093472 0.486059421887138 -1.000000000000000
0.899200533093472 0.652388702882493 -1.000000000000000
0.899200533093472 0.792008291861815 -1.000000000000000
0.899200533093472 0.899200533093472 -1.000000000000000
0.899200533093472 0.969568046270218 -1.000000000000000
0.899200533093472 1.000000000000000 -1.000000000000000
0.969568046270218 -1.000000000000000 -1.000000000000000
0.969568046270218 -0.969568046270218 -1.000000000000000
0.969568046270218 -0.899200533093472 -1.000000000000000
0.969568046270218 -0.792008291861815 -1.000000000000000
0.969568046270218 -0.652388702882493 -1.000000000000000
0.969568046270218 -0.486059421887138 -1.000000000000000
0.969568046270218 -0.299830468900763 -1.000000000000000
0.969568046270218 -0.101326273521949 -1.000000000000000
0.969568046270218 0.101326273521949 -1.000000000000000
0.969568046270218 0.299830468900763 -1.000000000000000
0.969568046270218 0.486059421887138 -1.000000000000000
0.969568046270218 0.652388702882493 -1.000000000000000
0.969568046270218 0.792008291861815 -1.000000000000000
0.969568046270218 0.899200533093472 -1.000000000000000
0.969568046270218 0.969568046270218 -1.000000000000000
0.969568046270218 1.000000000000000 -1.000000000000000
1.000000000000000 -1.000000000000000 -1.000000000000000
1.000000000000000 -0.969568046270218 -1.000000000000000
1.000000000000000 -0.899200533093472 -1.000000000000000
1.000000000000000 -0.792008291861815 -1.000000000000000
1.000000000000000 -0.652388702882493 -1.000000000000000
1.000000000000000 -0.486059421887138 -1.000000000000000
1.000000000000000 -0.299830468900763 -1.000000000000000
1.000000000000000 -0.101326273521949 -1.000000000000000
1.000000000000000 0.101326273521949 -1.000000000000000
1.000000000000000 0.299830468900763 -1.000000000000000
1.000000000000000 0.486059421887138 -1.000000000000000
1.000000000000000 0.652388702882493 -1.000000000000000
1.000000000000000 0.792008291861815 -1.000000000000000
1.000000000000000 0.899200533093472 -1.000000000000000
1.000000000000000 0.969568046270218 -1.000000000000000
1.000000000000000 1.000000000000000 -1.000000000000000
-0.984784023135109 -0.984784023135109 -0.969568046270218
-0.984784023135109 -0.950558766817226 -0.969568046270218
-0.984784023135109 -0.871614656314549 -0.969568046270218
-0.984784023135109 -0.751901992013620 -0.969568046270218
-0.984784023135109 -0.597028470721151 -0.969568046270218
-0.984784023135109 -0.414237635804657 -0.969568046270218
-0.984784023135109 -0.212077134561216 -0.969568046270218
-0.984784023135109 0.000000000000000 -0.969568046270218
-0.984784023135109 0.212077134561216 -0.969568046270218
-0.984784023135109 0.414237635804657 -0.969568046270218
-0.984784023135109 0.597028470721151 -0.969568046270218
-0.984784023135109 0.751901992013620 -0.969568046270218
-0.984784023135109 0.871614656314549 -0.969568046270218
-0.984784023135109 0.950558766817226 -0.969568046270218
-0.984784023135109 0.984784023135109 -0.969568046270218
-0.950558766817226 -0.984784023135109 -0.969568046270218
-0.950558766817226 -0.950558766817226 -0.969568046270218
-0.950558766817226 -0.871614656314549 -0.969568046270218
-0.950558766817226 -0.751901992013620 -0.969568046270218
-0.950558766817226 -0.597028470721151 -0.969568046270218
-0.950558766817226 -0.414237635804657 -0.969568046270218
-0.950558766817226 -0.212077134561216 -0.969568046270218
-0.950558766817226 0.000000000000000 -0.969568046270218
-0.950558766817226 0.212077134561216 -0.969568046270218
-0.950558766817226 0.414237635804657 -0.969568046270218
-0.950558766817226 0.597028470721151 -0.969568046270218
-0.950558766817226 0.751901992013620 -0.969568046270218
-0.950558766817226 0.871614656314549 -0.969568046270218
-0.950558766817226 0.950558766817226 -0.969568046270218
-0.950558766817226 0.984784023135109 -0.969568046270218
-0.871614656314549 -0.984784023135109 -0.969568046270218
-0.871614656314549 -0.950558766817226 -0.969568046270218
-0.871614656314549 -0.871614656314549 -0.969568046270218
-0.871614656314549 -0.751901992013620 -0.969568046270218
-0.871614656314549 -0.597028470721151 -0.969568046270218
-0.871614656314549 -0.414237635804657 -0.969568046270218
-0.871614656314549 -0.212077134561216 -0.969568046270218
-0.871614656314549 0.000000000000000 -0.969568046270218
-0.871614656314549 0.212077134561216 -0.969568046270218
-0.871614656314549 0.414237635804657 -0.969568046270218
-0.871614656314549 0.597028470721151 -0.969568046270218
-0.871614656314549 0.751901992013620 -0.969568046270218
-0.871614656314549 0.871614656314549 -0.969568046270218
-0.871614656314549 0.950558766817226 -0.969568046270218
-0.871614656314549 0.984784023135109 -0.969568046270218
-0.751901992013620 -0.984784023135109 -0.969568046270218
-0.751901992013620 -0.950558766817226 -0.969568046270218
-0.751901992013620 -0.871614656314549 -0.969568046270218
-0.751901992013620 -0.751901992013620 -0.969568046270218
-0.751901992013620 -0.597028470721151 -0.969568046270218
-0.751901992013620 -0.414237635804657 -0.969568046270218
-0.751901992013620 -0.212077134561216 -0.969568046270218
-0.751901992013620 0.000000000000000 -0.969568046270218
-0.751901992013620 0.212077134561216 -0.969568046270218
-0.751901992013620 0.414237635804657 -0.969568046270218
-0.751901992013620 0.597028470721151 -0.969568046270218
-0.751901992013620 0.751901992013620 -0.969568046270218
-0.751901992013620 0.871614656314549 -0.969568046270218
-0.751901992013620 0.950558766817226 -0.969568046270218
-0.751901992013620 0.984784023135109 -0.969568046270218
-0.597028470721151 -0.984784023135109 -0.969568046270218
-0.597028470721151 -0.950558766817226 -0.969568046270218
-0.597028470721151 -0.871614656314549 -0.969568046270218
-0.597028470721151 -0.751901992013620 -0.969568046270218
-0.597028470721151 -0.597028470721151 -0.969568046270218
-0.597028470721151 -0.414237635804657 -0.969568046270218
-0.597028470721151 -0.212077134561216 -0.969568046270218
-0.597028470721151 0.000000000000000 -0.969568046270218
-0.597028470721151 0.212077134561216 -0.969568046270218
-0.597028470721151 0.414237635804657 -0.969568046270218
-0.597028470721151 0.597028470721151 -0.969568046270218
-0.597028470721151 0.751901992013620 -0.969568046270218
-0.597028470721151 0.871614656314549 -0.969568046270218
-0.597028470721151 0.950558766817226 -0.969568046270218
-0.597028470721151 0.984784023135109 -0.969568046270218
-0.414237635804657 -0.984784023135109 -0.969568046270218
-0.414237635804657 -0.950558766817226 -0.969568046270218
-0.414237635804657 -0.871614656314549 -0.969568046270218
-0.414237635804657 -0.751901992013620 -0.969568046270218
-0.414237635804657 -0.597028470721151 -0.969568046270218
-0.414237635804657 -0.414237635804657 -0.969568046270218
-0.414237635804657 -0.212077134561216 -0.969568046270218
-0.414237635804657 0.000000000000000 -0.969568046270218
-0.414237635804657 0.212077134561216 -0.969568046270218
-0.414237635804657 0.414237635804657 -0.969568046270218
-0.414237635804657 0.597028470721151 -0.969568046270218
-0.414237635804657 0.751901992013620 -0.969568046270218
-0.414237635804657 0.871614656314549 -0.969568046270218
-0.414237635804657 0.950558766817226 -0.969568046270218
-0.414237635804657 0.984784023135109 -0.969568046270218
-0.212077134561216 -0.984784023135109 -0.969568046270218
-0.212077134561216 -0.950558766817226 -0.969568046270218
-0.212077134561216 -0.871614656314549 -0.969568046270218
-0.212077134561216 -0.751901992013620 -0.969568046270218
-0.212077134561216 -0.597028470721151 -0.969568046270218
-0.212077134561216 -0.414237635804657 -0.969568046270218
-0.212077134561216 -0.212077134561216 -0.969568046270218
-0.212077134561216 0.000000000000000 -0.969568046270218
-0.212077134561216 0.212077134561216 -0.969568046270218
-0.212077134561216 0.414237635804657 -0.969568046270218
-0.212077134561216 0.597028470721151 -0.969568046270218
-0.212077134561216 0.751901992013620 -0.969568046270218
-0.212077134561216 0.871614656314549 -0.969568046270218
-0.212077134561216 0.950558766817226 -0.969568046270218
-0.212077134561216 0.984784023135109 -0.969568046270218
0.000000000000000 -0.984784023135109 -0.969568046270218
0.000000000000000 -0.950558766817226 -0.969568046270218
0.000000000000000 -0.871614656314549 -0.969568046270218
0.000000000000000 -0.751901992013620 -0.969568046270218
0.000000000000000 -0.597028470721151 -0.969568046270218
0.000000000000000 -0.414237635804657 -0.969568046270218
0.000000000000000 -0.212077134561216 -0.969568046270218
0.000000000000000 0.000000000000000 -0.969568046270218
0.000000000000000 0.212077134561216 -0.969568046270218
0.000000000000000 0.414237635804657 -0.969568046270218
0.000000000000000 0.597028470721151 -0.969568046270218
0.000000000000000 0.751901992013620 -0.969568046270218
0.000000000000000 0.871614656314549 -0.969568046270218
0.000000000000000 0.950558766817226 -0.969568046270218
0.000000000000000 0.984784023135109 -0.969568046270218
0.212077134561216 -0.984784023135109 -0.969568046270218
0.212077134561216 -0.950558766817226 -0.969568046270218
0.212077134561216 -0.871614656314549 -0.969568046270218
0.212077134561216 -0.751901992013620 -0.969568046270218
0.212077134561216 -0.597028470721151 -0.969568046270218
0.212077134561216 -0.414237635804657 -0.969568046270218
0.212077134561216 -0.212077134561216 -0.969568046270218
0.212077134561216 0.000000000000000 -0.969568046270218
0.212077134561216 0.212077134561216 -0.969568046270218
0.212077134561216 0.414237635804657 -0.969568046270218
0.212077134561216 0.597028470721151 -0.969568046270218
0.212077134561216 0.751901992013620 -0.969568046270218
0.212077134561216 0.871614656314549 -0.969568046270218
0.212077134561216 0.950558766817226 -0.969568046270218
0.212077134561216 0.984784023135109 -0.969568046270218
0.414237635804657 -0.984784023135109 -0.969568046270218
0.414237635804657 -0.950558766817226 -0.969568046270218
0.414237635804657 -0.871614656314549 -0.969568046270218
0.414237635804657 -0.751901992013620 -0.969568046270218
0.414237635804657 -0.597028470721151 -0.969568046270218
0.414237635804657 -0.414237635804657 -0.969568046270218
0.414237635804657 -0.212077134561216 -0.969568046270218
0.414237635804657 0.000000000000000 -0.969568046270218
0.414237635804657 0.212077134561216 -0.969568046270218
0.414237635804657 0.414237635804657 -0.969568046270218
0.414237635804657 0.597028470721151 -0.969568046270218
0.414237635804657 0.751901992013620 -0.969568046270218
0.414237635804657 0.871614656314549 -0.969568046270218
0.414237635804657 0.950558766817226 -0.969568046270218
0.414237635804657 0.984784023135109 -0.969568046270218
0.597028470721151 -0.984784023135109 -0.969568046270218
0.597028470721151 -0.950558766817226 -0.969568046270218
0.597028470721151 -0.871614656314549 -0.969568046270218
0.597028470721151 -0.751901992013620 -0.969568046270218
0.597028470721151 -0.597028470721151 -0.969568046270218
0.597028470721151 -0.414237635804657 -0.969568046270218
0.597028470721151 -0.212077134561216 -0.969568046270218
0.597028470721151 0.000000000000000 -0.969568046270218
0.597028470721151 0.212077134561216 -0.969568046270218
0.597028470721151 0.414237635804657 -0.969568046270218
0.597028470721151 0.597028470721151 -0.969568046270218
0.597028470721151 0.751901992013620 -0.969568046270218
0.597028470721151 0.871614656314549 -0.969568046270218
0.597028470721151 0.950558766817226 -0.969568046270218
0.597028470721151 0.984784023135109 -0.969568046270218
0.751901992013620 -0.984784023135109 -0.969568046270218
0.751901992013620 -0.950558766817226 -0.969568046270218
0.751901992013620 -0.871614656314549 -0.969568046270218
0.751901992013620 -0.751901992013620 -0.969568046270218
0.751901992013620 -0.597028470721151 -0.969568046270218
0.751901992013620 -0.414237635804657 -0.969568046270218
0.751901992013620 -0.212077134561216 -0.969568046270218
0.751901992013620 0.000000000000000 -0.969568046270218
0.751901992013620 0.212077134561216 -0.969568046270218
0.751901992013620 0.414237635804657 -0.969568046270218
0.751901992013620 0.597028470721151 -0.969568046270218
0.751901992013620 0.751901992013620 -0.969568046270218
0.751901992013620 0.871614656314549 -0.969568046270218
0.751901992013620 0.950558766817226 -0.969568046270218
0.751901992013620 0.984784023135109 -0.969568046270218
0.871614656314549 -0.984784023135109 -0.969568046270218
0.871614656314549 -0.950558766817226 -0.969568046270218
0.871614656314549 -0.871614656314549 -0.969568046270218
0.871614656314549 -0.751901992013620 -0.969568046270218
0.871614656314549 -0.597028470721151 -0.969568046270218
0.871614656314549 -0.414237635804657 -0.969568046270218
0.871614656314549 -0.212077134561216 -0.969568046270218
0.871614656314549 0.000000000000000 -0.969568046270218
0.871614656314549 0.212077134561216 -0.969568046270218
0.871614656314549 0.414237635804657 -0.969568046270218
0.871614656314549 0.597028470721151 -0.969568046270218
0.871614656314549 0.751901992013620 -0.969568046270218
0.871614656314549 0.871614656314549 -0.969568046270218
0.871614656314549 0.950558766817226 -0.969568046270218
0.871614656314549 0.984784023135109 -0.969568046270218
0.950558766817226 -0.984784023135109 -0.969568046270218
0.950558766817226 -0.950558766817226 -0.969568046270218
0.950558766817226 -0.871614656314549 -0.969568046270218
0.950558766817226 -0.751901992013620 -0.969568046270218
0.950558766817226 -0.597028470721151 -0.969568046270218
0.950558766817226 -0.414237635804657 -0.969568046270218
0.950558766817226 -0.212077134561216 -0.969568046270218
0.950558766817226 0.000000000000000 -0.969568046270218
0.950558766817226 0.212077134561216 -0.969568046270218
0.950558766817226 0.414237635804657 -0.969568046270218
0.950558766817226 0.597028470721151 -0.969568046270218
0.950558766817226 0.751901992013620 -0.969568046270218
0.950558766817226 0.871614656314549 -0.969568046270218
0.950558766817226 0.950558766817226 -0.969568046270218
0.950558766817226 0.984784023135109 -0.969568046270218
0.984784023135109 -0.984784023135109 -0.969568046270218
0.984784023135109 -0.950558766817226 -0.969568046270218
0.984784023135109 -0.871614656314549 -0.969568046270218
0.984784023135109 -0.751901992013620 -0.969568046270218
0.984784023135109 -0.597028470721151 -0.969568046270218
0.984784023135109 -0.414237635804657 -0.969568046270218
0.984784023135109 -0.212077134561216 -0.969568046270218
0.984784023135109 0.000000000000000 -0.969568046270218
0.984784023135109 0.212077134561216 -0.969568046270218
0.984784023135109 0.414237635804657 -0.969568046270218
0.984784023135109 0.597028470721151 -0.969568046270218
0.984784023135109 0.751901992013620 -0.969568046270218
0.984784023135109 0.871614656314549 -0.969568046270218
0.984784023135109 0.950558766817226 -0.969568046270218
0.984784023135109 0.984784023135109 -0.969568046270218
-0.949600266546736 -0.949600266546736 -0.899200533093472
-0.949600266546736 -0.911554574853344 -0.899200533093472
-0.949600266546736 -0.824064112026836 -0.899200533093472
-0.949600266546736 -0.692133815974669 -0.899200533093472
-0.949600266546736 -0.522887323792179 -0.899200533093472
-0.949600266546736 -0.325450814422207 -0.899200533093472
-0.949600266546736 -0.110468773699845 -0.899200533093472
-0.949600266546736 0.110468773699845 -0.899200533093472
-0.949600266546736 0.325450814422207 -0.899200533093472
-0.949600266546736 0.522887323792179 -0.899200533093472
-0.949600266546736 0.692133815974669 -0.899200533093472
-0.949600266546736 0.824064112026836 -0.899200533093472
-0.949600266546736 0.911554574853344 -0.899200533093472
-0.949600266546736 0.949600266546736 -0.899200533093472
-0.911554574853344 -0.949600266546736 -0.899200533093472
-0.911554574853344 -0.911554574853344 -0.899200533093472
-0.911554574853344 -0.824064112026836 -0.899200533093472
-0.911554574853344 -0.692133815974669 -0.899200533093472
-0.911554574853344 -0.522887323792179 -0.899200533093472
-0.911554574853344 -0.325450814422207 -0.899200533093472
-0.911554574853344 -0.110468773699845 -0.899200533093472
-0.911554574853344 0.110468773699845 -0.899200533093472
-0.911554574853344 0.325450814422207 -0.899200533093472
-0.911554574853344 0.522887323792179 -0.899200533093472
-0.911554574853344 0.692133815974669 -0.899200533093472
-0.911554574853344 0.824064112026836 -0.899200533093472
-0.911554574853344 0.911554574853344 -0.899200533093472
-0.911554574853344 0.949600266546736 -0.899200533093472
-0.824064112026836 -0.949600266546736 -0.899200533093472
-0.824064112026836 -0.911554574853344 -0.899200533093472
-0.824064112026836 -0.824064112026836 -0.899200533093472
-0.824064112026836 -0.692133815974669 -0.899200533093472
-0.824064112026836 -0.522887323792179 -0.899200533093472
-0.824064112026836 -0.325450814422207 -0.899200533093472
-0.824064112026836 -0.110468773699845 -0.899200533093472
-0.824064112026836 0.110468773699845 -0.899200533093472
-0.824064112026836 0.325450814422207 -0.899200533093472
-0.824064112026836 0.522887323792179 -0.899200533093472
-0.824064112026836 0.692133815974669 -0.899200533093472
-0.824064112026836 0.824064112026836 -0.899200533093472
-0.824064112026836 0.911554574853344 -0.899200533093472
-0.824064112026836 0.949600266546736 -0.899200533093472
-0.692133815974669 -0.949600266546736 -0.899200533093472
-0.692133815974669 -0.911554574853344 -0.899200533093472
-0.692133815974669 -0.824064112026836 -0.899200533093472
-0.692133815974669 -0.692133815974669 -0.899200533093472
-0.692133815974669 -0.522887323792179 -0.899200533093472
-0.692133815974669 -0.325450814422207 -0.899200533093472
-0.692133815974669 -0.110468773699845 -0.899200533093472
-0.692133815974669 0.110468773699845 -0.899200533093472
-0.692133815974669 0.325450814422207 -0.899200533093472
-0.692133815974669 0.522887323792179 -0.899200533093472
-0.692133815974669 0.692133815974669 -0.899200533093472
-0.692133815974669 0.824064112026836 -0.899200533093472
-0.692133815974669 0.911554574853344 -0.899200533093472
-0.692133815974669 0.949600266546736 -0.899200533093472
-0.522887323792179 -0.949600266546736 -0.899200533093472
-0.522887323792179 -0.911554574853344 -0.899200533093472
-0.522887323792179 -0.824064112026836 -0.899200533093472
-0.522887323792179 -0.692133815974669 -0.899200533093472
-0.522887323792179 -0.522887323792179 -0.899200533093472
-0.522887323792179 -0.325450814422207 -0.899200533093472
-0.522887323792179 -0.110468773699845 -0.899200533093472
-0.522887323792179 0.110468773699845 -0.899200533093472
-0.522887323792179 0.325450814422207 -0.899200533093472
-0.522887323792179 0.522887323792179 -0.899200533093472
-0.522887323792179 0.692133815974669 -0.899200533093472
-0.522887323792179 0.824064112026836 -0.899200533093472
-0.522887323792179 0.911554574853344 -0.899200533093472
-0.522887323792179 0.949600266546736 -0.899200533093472
-0.325450814422207 -0.949600266546736 -0.899200533093472
-0.325450814422207 -0.911554574853344 -0.899200533093472
-0.325450814422207 -0.824064112026836 -0.899200533093472
-0.325450814422207 -0.692133815974669 -0.899200533093472
-0.325450814422207 -0.522887323792179 -0.899200533093472
-0.325450814422207 -0.325450814422207 -0.899200533093472
-0.325450814422207 -0.110468773699845 -0.899200533093472
-0.325450814422207 0.110468773699845 -0.899200533093472
-0.325450814422207 0.325450814422207 -0.899200533093472
-0.325450814422207 0.522887323792179 -0.899200533093472
-0.325450814422207 0.692133815974669 -0.899200533093472
-0.325450814422207 0.824064112026836 -0.899200533093472
-0.325450814422207 0.911554574853344 -0.899200533093472
-0.325450814422207 0.949600266546736 -0.899200533093472
-0.110468773699845 -0.949600266546736 -0.899200533093472
-0.110468773699845 -0.911554574853344 -0.899200533093472
-0.110468773699845 -0.824064112026836 -0.899200533093472
-0.110468773699845 -0.692133815974669 -0.899200533093472
-0.110468773699845 -0.522887323792179 -0.899200533093472
-0.110468773699845 -0.325450814422207 -0.899200533093472
-0.110468773699845 -0.110468773699845 -0.899200533093472
-0.110468773699845 0.110468773699845 -0.899200533093472
-0.110468773699845 0.325450814422207 -0.899200533093472
-0.110468773699845 0.522887323792179 -0.899200533093472
-0.110468773699845 0.692133815974669 -0.899200533093472
-0.110468773699845 0.824064112026836 -0.899200533093472
-0.110468773699845 0.911554574853344 -0.899200533093472
-0.110468773699845 0.949600266546736 -0.899200533093472
0.110468773699845 -0.949600266546736 -0.899200533093472
0.110468773699845 -0.911554574853344 -0.899200533093472
0.110468773699845 -0.824064112026836 -0.899200533093472
0.110468773699845 -0.692133815974669 -0.899200533093472
0.110468773699845 -0.522887323792179 -0.899200533093472
0.110468773699845 -0.325450814422207 -0.899200533093472
0.110468773699845 -0.110468773699845 -0.899200533093472
0.110468773699845 0.110468773699845 -0.899200533093472
0.110468773699845 0.325450814422207 -0.899200533093472
0.110468773699845 0.522887323792179 -0.899200533093472
0.110468773699845 0.692133815974669 -0.899200533093472
0.110468773699845 0.824064112026836 -0.899200533093472
0.110468773699845 0.911554574853344 -0.899200533093472
0.110468773699845 0.949600266546736 -0.899200533093472
0.325450814422207 -0.949600266546736 -0.899200533093472
0.325450814422207 -0.911554574853344 -0.899200533093472
0.325450814422207 -0.824064112026836 -0.899200533093472
0.325450814422207 -0.692133815974669 -0.899200533093472
0.325450814422207 -0.522887323792179 -0.899200533093472
0.325450814422207 -0.325450814422207 -0.899200533093472
0.325450814422207 -0.110468773699845 -0.899200533093472
0.325450814422207 0.110468773699845 -0.899200533093472
0.325450814422207 0.325450814422207 -0.899200533093472
0.325450814422207 0.522887323792179 -0.899200533093472
0.325450814422207 0.692133815974669 -0.899200533093472
0.325450814422207 0.824064112026836 -0.899200533093472
0.325450814422207 0.911554574853344 -0.899200533093472
0.325450814422207 0.949600266546736 -0.899200533093472
0.522887323792179 -0.949600266546736 -0.899200533093472
0.522887323792179 -0.911554574853344 -0.899200533093472
0.522887323792179 -0.824064112026836 -0.899200533093472
0.522887323792179 -0.692133815974669 -0.899200533093472
0.522887323792179 -0.522887323792179 -0.899200533093472
0.522887323792179 -0.325450814422207 -0.899200533093472
0.522887323792179 -0.110468773699845 -0.899200533093472
0.522887323792179 0.110468773699845 -0.899200533093472
0.522887323792179 0.325450814422207 -0.899200533093472
0.522887323792179 0.522887323792179 -0.899200533093472
0.522887323792179 0.692133815974669 -0.899200533093472
0.522887323792179 0.824064112026836 -0.899200533093472
0.522887323792179 0.911554574853344 -0.899200533093472
0.522887323792179 0.949600266546736 -0.899200533093472
0.692133815974669 -0.949600266546736 -0.899200533093472
0.692133815974669 -0.911554574853344 -0.899200533093472
0.692133815974669 -0.824064112026836 -0.899200533093472
0.692133815974669 -0.692133815974669 -0.899200533093472
0.692133815974669 -0.522887323792179 -0.899200533093472
0.692133815974669 -0.325450814422207 -0.899200533093472
0.692133815974669 -0.110468773699845 -0.899200533093472
0.692133815974669 0.110468773699845 -0.899200533093472
0.692133815974669 0.325450814422207 -0.899200533093472
0.692133815974669 0.522887323792179 -0.899200533093472
0.692133815974669 0.692133815974669 -0.899200533093472
0.692133815974669 0.824064112026836 -0.899200533093472
0.692133815974669 0.911554574853344 -0.899200533093472
0.692133815974669 0.949600266546736 -0.899200533093472
0.824064112026836 -0.949600266546736 -0.899200533093472
0.824064112026836 -0.911554574853344 -0.899200533093472
0.824064112026836 -0.824064112026836 -0.899200533093472
0.824064112026836 -0.692133815974669 -0.899200533093472
0.824064112026836 -0.522887323792179 -0.899200533093472
0.824064112026836 -0.325450814422207 -0.899200533093472
0.824064112026836 -0.110468773699845 -0.899200533093472
0.824064112026836 0.110468773699845 -0.899200533093472
0.824064112026836 0.325450814422207 -0.899200533093472
0.824064112026836 0.522887323792179 -0.899200533093472
0.824064112026836 0.692133815974669 -0.899200533093472
0.824064112026836 0.824064112026836 -0.899200533093472
0.824064112026836 0.911554574853344 -0.899200533093472
0.824064112026836 0.949600266546736 -0.899200533093472
0.911554574853344 -0.949600266546736 -0.899200533093472
0.911554574853344 -0.911554574853344 -0.899200533093472
0.911554574853344 -0.824064112026836 -0.899200533093472
0.911554574853344 -0.692133815974669 -0.899200533093472
0.911554574853344 -0.522887323792179 -0.899200533093472
0.911554574853344 -0.325450814422207 -0.899200533093472
0.911554574853344 -0.110468773699845 -0.899200533093472
0.911554574853344 0.110468773699845 -0.899200533093472
0.911554574853344 0.325450814422207 -0.899200533093472
0.911554574853344 0.522887323792179 -0.899200533093472
0.911554574853344 0.692133815974669 -0.899200533093472
0.911554574853344 0.824064112026836 -0.899200533093472
0.911554574853344 0.911554574853344 -0.899200533093472
0.911554574853344 0.949600266546736 -0.899200533093472
0.949600266546736 -0.949600266546736 -0.899200533093472
0.949600266546736 -0.911554574853344 -0.899200533093472
0.949600266546736 -0.824064112026836 -0.899200533093472
0.949600266546736 -0.692133815974669 -0.899200533093472
0.949600266546736 -0.522887323792179 -0.899200533093472
0.949600266546736 -0.325450814422207 -0.899200533093472
0.949600266546736 -0.110468773699845 -0.899200533093472
0.949600266546736 0.110468773699845 -0.899200533093472
0.949600266546736 0.325450814422207 -0.899200533093472
0.949600266546736 0.522887323792179 -0.899200533093472
0.949600266546736 0.692133815974669 -0.899200533093472
0.949600266546736 0.824064112026836 -0.899200533093472
0.949600266546736 0.911554574853344 -0.899200533093472
0.949600266546736 0.949600266546736 -0.899200533093472
-0.896004145930908 -0.896004145930908 -0.792008291861815
-0.896004145930908 -0.854169574948137 -0.792008291861815
-0.896004145930908 -0.758330926826605 -0.792008291861815
-0.896004145930908 -0.614827713187237 -0.792008291861815
-0.896004145930908 -0.432689201808590 -0.792008291861815
-0.896004145930908 -0.223362122901579 -0.792008291861815
-0.896004145930908 0.000000000000000 -0.792008291861815
-0.896004145930908 0.223362122901579 -0.792008291861815
-0.896004145930908 0.432689201808590 -0.792008291861815
-0.896004145930908 0.614827713187237 -0.792008291861815
-0.896004145930908 0.758330926826605 -0.792008291861815
-0.896004145930908 0.854169574948137 -0.792008291861815
-0.896004145930908 0.896004145930908 -0.792008291861815
-0.854169574948137 -0.896004145930908 -0.792008291861815
-0.854169574948137 -0.854169574948137 -0.792008291861815
-0.854169574948137 -0.758330926826605 -0.792008291861815
-0.854169574948137 -0.614827713187237 -0.792008291861815
-0.854169574948137 -0.432689201808590 -0.792008291861815
-0.854169574948137 -0.223362122901579 -0.792008291861815
-0.854169574948137 0.000000000000000 -0.792008291861815
-0.854169574948137 0.223362122901579 -0.792008291861815
-0.854169574948137 0.432689201808590 -0.792008291861815
-0.854169574948137 0.614827713187237 -0.792008291861815
-0.854169574948137 0.758330926826605 -0.792008291861815
-0.854169574948137 0.854169574948137 -0.792008291861815
-0.854169574948137 0.896004145930908 -0.792008291861815
-0.758330926826605 -0.896004145930908 -0.792008291861815
-0.758330926826605 -0.854169574948137 -0.792008291861815
-0.758330926826605 -0.758330926826605 -0.792008291861815
-0.758330926826605 -0.614827713187237 -0.792008291861815
-0.758330926826605 -0.432689201808590 -0.792008291861815
-0.758330926826605 -0.223362122901579 -0.792008291861815
-0.758330926826605 0.000000000000000 -0.792008291861815
-0.758330926826605 0.223362122901579 -0.792008291861815
-0.758330926826605 0.432689201808590 -0.792008291861815
-0.758330926826605 0.614827713187237 -0.792008291861815
-0.758330926826605 0.758330926826605 -0.792008291861815
-0.758330926826605 0.854169574948137 -0.792008291861815
-0.758330926826605 0.896004145930908 -0.792008291861815
-0.614827713187237 -0.896004145930908 -0.792008291861815
-0.614827713187237 -0.854169574948137 -0.792008291861815
-0.614827713187237 -0.758330926826605 -0.792008291861815
-0.614827713187237 -0.614827713187237 -0.792008291861815
-0.614827713187237 -0.432689201808590 -0.792008291861815
-0.614827713187237 -0.223362122901579 -0.792008291861815
-0.614827713187237 0.000000000000000 -0.792008291861815
-0.614827713187237 0.223362122901579 -0.792008291861815
-0.614827713187237 0.432689201808590 -0.792008291861815
-0.614827713187237 0.614827713187237 -0.792008291861815
-0.614827713187237 0.758330926826605 -0.792008291861815
-0.614827713187237 0.854169574948137 -0.792008291861815
-0.614827713187237 0.896004145930908 -0.792008291861815
-0.432689201808590 -0.896004145930908 -0.792008291861815
-0.432689201808590 -0.854169574948137 -0.792008291861815
-0.432689201808590 -0.758330926826605 -0.792008291861815
-0.432689201808590 -0.614827713187237 -0.792008291861815
-0.432689201808590 -0.432689201808590 -0.792008291861815
-0.432689201808590 -0.223362122901579 -0.792008291861815
-0.432689201808590 0.000000000000000 -0.792008291861815
-0.432689201808590 0.223362122901579 -0.792008291861815
-0.432689201808590 0.432689201808590 -0.792008291861815
-0.432689201808590 0.614827713187237 -0.792008291861815
-0.432689201808590 0.758330926826605 -0.792008291861815
-0.432689201808590 0.854169574948137 -0.792008291861815
-0.432689201808590 0.896004145930908 -0.792008291861815
-0.223362122901579 -0.896004145930908 -0.792008291861815
-0.223362122901579 -0.854169574948137 -0.792008291861815
-0.223362122901579 -0.758330926826605 -0.792008291861815
-0.223362122901579 -0.614827713187237 -0.792008291861815
-0.223362122901579 -0.432689201808590 -0.792008291861815
-0.223362122901579 -0.223362122901579 -0.792008291861815
-0.223362122901579 0.000000000000000 -0.792008291861815
-0.223362122901579 0.223362122901579 -0.792008291861815
-0.223362122901579 0.432689201808590 -0.792008291861815
-0.223362122901579 0.614827713187237 -0.792008291861815
-0.223362122901579 0.758330926826605 -0.792008291861815
-0.223362122901579 0.854169574948137 -0.792008291861815
-0.223362122901579 0.896004145930908 -0.792008291861815
0.000000000000000 -0.896004145930908 -0.792008291861815
0.000000000000000 -0.854169574948137 -0.792008291861815
0.000000000000000 -0.758330926826605 -0.792008291861815
0.000000000000000 -0.614827713187237 -0.792008291861815
0.000000000000000 -0.432689201808590 -0.792008291861815
0.000000000000000 -0.223362122901579 -0.792008291861815
0.000000000000000 0.000000000000000 -0.792008291861815
0.000000000000000 0.223362122901579 -0.792008291861815
0.000000000000000 0.432689201808590 -0.792008291861815
0.000000000000000 0.614827713187237 -0.792008291861815
0.000000000000000 0.758330926826605 -0.792008291861815
0.000000000000000 0.854169574948137 -0.792008291861815
0.000000000000000 0.896004145930908 -0.792008291861815
0.223362122901579 -0.896004145930908 -0.792008291861815
0.223362122901579 -0.854169574948137 -0.792008291861815
0.223362122901579 -0.758330926826605 -0.792008291861815
0.223362122901579 -0.614827713187237 -0.792008291861815
0.223362122901579 -0.432689201808590 -0.792008291861815
0.223362122901579 -0.223362122901579 -0.792008291861815
0.223362122901579 0.000000000000000 -0.792008291861815
0.223362122901579 0.223362122901579 -0.792008291861815
0.223362122901579 0.432689201808590 -0.792008291861815
0.223362122901579 0.614827713187237 -0.792008291861815
0.223362122901579 0.758330926826605 -0.792008291861815
0.223362122901579 0.854169574948137 -0.792008291861815
0.223362122901579 0.896004145930908 -0.792008291861815
0.432689201808590 -0.896004145930908 -0.792008291861815
0.432689201808590 -0.854169574948137 -0.792008291861815
0.432689201808590 -0.758330926826605 -0.792008291861815
0.432689201808590 -0.614827713187237 -0.792008291861815
0.432689201808590 -0.432689201808590 -0.792008291861815
0.432689201808590 -0.223362122901579 -0.792008291861815
0.432689201808590 0.000000000000000 -0.792008291861815
0.432689201808590 0.223362122901579 -0.792008291861815
0.432689201808590 0.432689201808590 -0.792008291861815
0.432689201808590 0.614827713187237 -0.792008291861815
0.432689201808590 0.758330926826605 -0.792008291861815
0.432689201808590 0.854169574948137 -0.792008291861815
0.432689201808590 0.896004145930908 -0.792008291861815
0.614827713187237 -0.896004145930908 -0.792008291861815
0.614827713187237 -0.854169574948137 -0.792008291861815
0.614827713187237 -0.758330926826605 -0.792008291861815
0.614827713187237 -0.614827713187237 -0.792008291861815
0.614827713187237 -0.432689201808590 -0.792008291861815
0.614827713187237 -0.223362122901579 -0.792008291861815
0.614827713187237 0.000000000000000 -0.792008291861815
0.614827713187237 0.223362122901579 -0.792008291861815
0.614827713187237 0.432689201808590 -0.792008291861815
0.614827713187237 0.614827713187237 -0.792008291861815
0.614827713187237 0.758330926826605 -0.792008291861815
0.614827713187237 0.854169574948137 -0.792008291861815
0.614827713187237 0.896004145930908 -0.792008291861815
0.758330926826605 -0.896004145930908 -0.792008291861815
0.758330926826605 -0.854169574948137 -0.792008291861815
0.758330926826605 -0.758330926826605 -0.792008291861815
0.758330926826605 -0.614827713187237 -0.792008291861815
0.758330926826605 -0.432689201808590 -0.792008291861815
0.758330926826605 -0.223362122901579 -0.792008291861815
0.758330926826605 0.000000000000000 -0.792008291861815
0.758330926826605 0.223362122901579 -0.792008291861815
0.758330926826605 0.432689201808590 -0.792008291861815
0.758330926826605 0.614827713187237 -0.792008291861815
0.758330926826605 0.758330926826605 -0.792008291861815
0.758330926826605 0.854169574948137 -0.792008291861815
0.758330926826605 0.896004145930908 -0.792008291861815
0.854169574948137 -0.896004145930908 -0.792008291861815
0.854169574948137 -0.854169574948137 -0.792008291861815
0.854169574948137 -0.758330926826605 -0.792008291861815
0.854169574948137 -0.614827713187237 -0.792008291861815
0.854169574948137 -0.432689201808590 -0.792008291861815
0.854169574948137 -0.223362122901579 -0.792008291861815
0.854169574948137 0.000000000000000 -0.792008291861815
0.854169574948137 0.223362122901579 -0.792008291861815
0.854169574948137 0.432689201808590 -0.792008291861815
0.854169574948137 0.614827713187237 -0.792008291861815
0.854169574948137 0.758330926826605 -0.792008291861815
0.854169574948137 0.854169574948137 -0.792008291861815
0.854169574948137 0.896004145930908 -0.792008291861815
0.896004145930908 -0.896004145930908 -0.792008291861815
0.896004145930908 -0.854169574948137 -0.792008291861815
0.896004145930908 -0.758330926826605 -0.792008291861815
0.896004145930908 -0.614827713187237 -0.792008291861815
0.896004145930908 -0.432689201808590 -0.792008291861815
0.896004145930908 -0.223362122901579 -0.792008291861815
0.896004145930908 0.000000000000000 -0.792008291861815
0.896004145930908 0.223362122901579 -0.792008291861815
0.896004145930908 0.432689201808590 -0.792008291861815
0.896004145930908 0.614827713187237 -0.792008291861815
0.896004145930908 0.758330926826605 -0.792008291861815
0.896004145930908 0.854169574948137 -0.792008291861815
0.896004145930908 0.896004145930908 -0.792008291861815
-0.826194351441247 -0.826194351441247 -0.652388702882493
-0.826194351441247 -0.780670441391490 -0.652388702882493
-0.826194351441247 -0.676883947794894 -0.652388702882493
-0.826194351441247 -0.522878702796789 -0.652388702882493
-0.826194351441247 -0.330090206651577 -0.652388702882493
-0.826194351441247 -0.112819261797477 -0.652388702882493
-0.826194351441247 0.112819261797477 -0.652388702882493
-0.826194351441247 0.330090206651577 -0.652388702882493
-0.826194351441247 0.522878702796789 -0.652388702882493
-0.826194351441247 0.676883947794894 -0.652388702882493
-0.826194351441247 0.780670441391490 -0.652388702882493
-0.826194351441247 0.826194351441247 -0.652388702882493
-0.780670441391490 -0.826194351441247 -0.652388702882493
-0.780670441391490 -0.780670441391490 -0.652388702882493
-0.780670441391490 -0.676883947794894 -0.652388702882493
-0.780670441391490 -0.522878702796789 -0.652388702882493
-0.780670441391490 -0.330090206651577 -0.652388702882493
-0.780670441391490 -0.112819261797477 -0.652388702882493
-0.780670441391490 0.112819261797477 -0.652388702882493
-0.780670441391490 0.330090206651577 -0.652388702882493
-0.780670441391490 0.522878702796789 -0.652388702882493
-0.780670441391490 0.676883947794894 -0.652388702882493
-0.780670441391490 0.780670441391490 -0.652388702882493
-0.780670441391490 0.826194351441247 -0.652388702882493
-0.676883947794894 -0.826194351441247 -0.652388702882493
-0.676883947794894 -0.780670441391490 -0.652388702882493
-0.676883947794894 -0.676883947794894 -0.652388702882493
-0.676883947794894 -0.522878702796789 -0.652388702882493
-0.676883947794894 -0.330090206651577 -0.652388702882493
-0.676883947794894 -0.112819261797477 -0.652388702882493
-0.676883947794894 0.112819261797477 -0.652388702882493
-0.676883947794894 0.330090206651577 -0.652388702882493
-0.676883947794894 0.522878702796789 -0.652388702882493
-0.676883947794894 0.676883947794894 -0.652388702882493
-0.676883947794894 0.780670441391490 -0.652388702882493
-0.676883947794894 0.826194351441247 -0.652388702882493
-0.522878702796789 -0.826194351441247 -0.652388702882493
-0.522878702796789 -0.780670441391490 -0.652388702882493
-0.522878702796789 -0.676883947794894 -0.652388702882493
-0.522878702796789 -0.522878702796789 -0.652388702882493
-0.522878702796789 -0.330090206651577 -0.652388702882493
-0.522878702796789 -0.112819261797477 -0.652388702882493
-0.522878702796789 0.112819261797477 -0.652388702882493
-0.522878702796789 0.330090206651577 -0.652388702882493
-0.522878702796789 0.522878702796789 -0.652388702882493
-0.522878702796789 0.676883947794894 -0.652388702882493
-0.522878702796789 0.780670441391490 -0.652388702882493
-0.522878702796789 0.826194351441247 -0.652388702882493
-0.330090206651577 -0.826194351441247 -0.652388702882493
-0.330090206651577 -0.780670441391490 -0.652388702882493
-0.330090206651577 -0.676883947794894 -0.652388702882493
-0.330090206651577 -0.522878702796789 -0.652388702882493
-0.330090206651577 -0.330090206651577 -0.652388702882493
-0.330090206651577 -0.112819261797477 -0.652388702882493
-0.330090206651577 0.112819261797477 -0.652388702882493
-0.330090206651577 0.330090206651577 -0.652388702882493
-0.330090206651577 0.522878702796789 -0.652388702882493
-0.330090206651577 0.676883947794894 -0.652388702882493
-0.330090206651577 0.780670441391490 -0.652388702882493
-0.330090206651577 0.826194351441247 -0.652388702882493
-0.112819261797477 -0.826194351441247 -0.652388702882493
-0.112819261797477 -0.780670441391490 -0.652388702882493
-0.112819261797477 -0.676883947794894 -0.652388702882493
-0.112819261797477 -0.522878702796789 -0.652388702882493
-0.112819261797477 -0.330090206651577 -0.652388702882493
-0.112819261797477 -0.112819261797477 -0.652388702882493
-0.112819261797477 0.112819261797477 -0.652388702882493
-0.112819261797477 0.330090206651577 -0.652388702882493
-0.112819261797477 0.522878702796789 -0.652388702882493
-0.112819261797477 0.676883947794894 -0.652388702882493
-0.112819261797477 0.780670441391490 -0.652388702882493
-0.112819261797477 0.826194351441247 -0.652388702882493
0.112819261797477 -0.826194351441247 -0.652388702882493
0.112819261797477 -0.780670441391490 -0.652388702882493
0.112819261797477 -0.676883947794894 -0.652388702882493
0.112819261797477 -0.522878702796789 -0.652388702882493
0.112819261797477 -0.330090206651577 -0.652388702882493
0.112819261797477 -0.112819261797477 -0.652388702882493
0.112819261797477 0.112819261797477 -0.652388702882493
0.112819261797477 0.330090206651577 -0.652388702882493
0.112819261797477 0.522878702796789 -0.652388702882493
0.112819261797477 0.676883947794894 -0.652388702882493
0.112819261797477 0.780670441391490 -0.652388702882493
0.112819261797477 0.826194351441247 -0.652388702882493
0.330090206651577 -0.826194351441247 -0.652388702882493
0.330090206651577 -0.780670441391490 -0.652388702882493
0.330090206651577 -0.676883947794894 -0.652388702882493
0.330090206651577 -0.522878702796789 -0.652388702882493
0.330090206651577 -0.330090206651577 -0.652388702882493
0.330090206651577 -0.112819261797477 -0.652388702882493
0.330090206651577 0.112819261797477 -0.652388702882493
0.330090206651577 0.330090206651577 -0.652388702882493
0.330090206651577 0.522878702796789 -0.652388702882493
0.330090206651577 0.676883947794894 -0.652388702882493
0.330090206651577 0.780670441391490 -0.652388702882493
0.330090206651577 0.826194351441247 -0.652388702882493
0.522878702796789 -0.826194351441247 -0.652388702882493
0.522878702796789 -0.780670441391490 -0.652388702882493
0.522878702796789 -0.676883947794894 -0.652388702882493
0.522878702796789 -0.522878702796789 -0.652388702882493
0.522878702796789 -0.330090206651577 -0.652388702882493
0.522878702796789 -0.112819261797477 -0.652388702882493
0.522878702796789 0.112819261797477 -0.652388702882493
0.522878702796789 0.330090206651577 -0.652388702882493
0.522878702796789 0.522878702796789 -0.652388702882493
0.522878702796789 0.676883947794894 -0.652388702882493
0.522878702796789 0.780670441391490 -0.652388702882493
0.522878702796789 0.826194351441247 -0.652388702882493
0.676883947794894 -0.826194351441247 -0.652388702882493
0.676883947794894 -0.780670441391490 -0.652388702882493
0.676883947794894 -0.676883947794894 -0.652388702882493
0.676883947794894 -0.522878702796789 -0.652388702882493
0.676883947794894 -0.330090206651577 -0.652388702882493
0.676883947794894 -0.112819261797477 -0.652388702882493
0.676883947794894 0.112819261797477 -0.652388702882493
0.676883947794894 0.330090206651577 -0.652388702882493
0.676883947794894 0.522878702796789 -0.652388702882493
0.676883947794894 0.676883947794894 -0.652388702882493
0.676883947794894 0.780670441391490 -0.652388702882493
0.676883947794894 0.826194351441247 -0.652388702882493
0.780670441391490 -0.826194351441247 -0.652388702882493
0.780670441391490 -0.780670441391490 -0.652388702882493
0.780670441391490 -0.676883947794894 -0.652388702882493
0.780670441391490 -0.522878702796789 -0.652388702882493
0.780670441391490 -0.330090206651577 -0.652388702882493
0.780670441391490 -0.112819261797477 -0.652388702882493
0.780670441391490 0.112819261797477 -0.652388702882493
0.780670441391490 0.330090206651577 -0.652388702882493
0.780670441391490 0.522878702796789 -0.652388702882493
0.780670441391490 0.676883947794894 -0.652388702882493
0.780670441391490 0.780670441391490 -0.652388702882493
0.780670441391490 0.826194351441247 -0.652388702882493
0.826194351441247 -0.826194351441247 -0.652388702882493
0.826194351441247 -0.780670441391490 -0.652388702882493
0.826194351441247 -0.676883947794894 -0.652388702882493
0.826194351441247 -0.522878702796789 -0.652388702882493
0.826194351441247 -0.330090206651577 -0.652388702882493
0.826194351441247 -0.112819261797477 -0.652388702882493
0.826194351441247 0.112819261797477 -0.652388702882493
0.826194351441247 0.330090206651577 -0.652388702882493
0.826194351441247 0.522878702796789 -0.652388702882493
0.826194351441247 0.676883947794894 -0.652388702882493
0.826194351441247 0.780670441391490 -0.652388702882493
0.826194351441247 0.826194351441247 -0.652388702882493
-0.743029710943569 -0.743029710943569 -0.486059421887138
-0.743029710943569 -0.693990812856980 -0.486059421887138
-0.743029710943569 -0.582894528675933 -0.486059421887138
-0.743029710943569 -0.419986641633084 -0.486059421887138
-0.743029710943569 -0.219757081994372 -0.486059421887138
-0.743029710943569 0.000000000000000 -0.486059421887138
-0.743029710943569 0.219757081994372 -0.486059421887138
-0.743029710943569 0.419986641633084 -0.486059421887138
-0.743029710943569 0.582894528675933 -0.486059421887138
-0.743029710943569 0.693990812856980 -0.486059421887138
-0.743029710943569 0.743029710943569 -0.486059421887138
-0.693990812856980 -0.743029710943569 -0.486059421887138
-0.693990812856980 -0.693990812856980 -0.486059421887138
-0.693990812856980 -0.582894528675933 -0.486059421887138
-0.693990812856980 -0.419986641633084 -0.486059421887138
-0.693990812856980 -0.219757081994372 -0.486059421887138
-0.693990812856980 0.000000000000000 -0.486059421887138
-0.693990812856980 0.219757081994372 -0.486059421887138
-0.693990812856980 0.419986641633084 -0.486059421887138
-0.693990812856980 0.582894528675933 -0.486059421887138
-0.693990812856980 0.693990812856980 -0.486059421887138
-0.693990812856980 0.743029710943569 -0.486059421887138
-0.582894528675933 -0.743029710943569 -0.486059421887138
-0.582894528675933 -0.693990812856980 -0.486059421887138
-0.582894528675933 -0.582894528675933 -0.486059421887138
-0.582894528675933 -0.419986641633084 -0.486059421887138
-0.582894528675933 -0.219757081994372 -0.486059421887138
-0.582894528675933 0.000000000000000 -0.486059421887138
-0.582894528675933 0.219757081994372 -0.486059421887138
-0.582894528675933 0.419986641633084 -0.486059421887138
-0.582894528675933 0.582894528675933 -0.486059421887138
-0.582894528675933 0.693990812856980 -0.486059421887138
-0.582894528675933 0.743029710943569 -0.486059421887138
-0.419986641633084 -0.743029710943569 -0.486059421887138
-0.419986641633084 -0.693990812856980 -0.486059421887138
-0.419986641633084 -0.582894528675933 -0.486059421887138
-0.419986641633084 -0.419986641633084 -0.486059421887138
-0.419986641633084 -0.219757081994372 -0.486059421887138
-0.419986641633084 0.000000000000000 -0.486059421887138
-0.419986641633084 0.219757081994372 -0.486059421887138
-0.419986641633084 0.419986641633084 -0.486059421887138
-0.419986641633084 0.582894528675933 -0.486059421887138
-0.419986641633084 0.693990812856980 -0.486059421887138
-0.419986641633084 0.743029710943569 -0.486059421887138
-0.219757081994372 -0.743029710943569 -0.486059421887138
-0.219757081994372 -0.693990812856980 -0.486059421887138
-0.219757081994372 -0.582894528675933 -0.486059421887138
-0.219757081994372 -0.419986641633084 -0.486059421887138
-0.219757081994372 -0.219757081994372 -0.486059421887138
-0.219757081994372 0.000000000000000 -0.486059421887138
-0.219757081994372 0.219757081994372 -0.486059421887138
-0.219757081994372 0.419986641633084 -0.486059421887138
-0.219757081994372 0.582894528675933 -0.486059421887138
-0.219757081994372 0.693990812856980 -0.486059421887138
-0.219757081994372 0.743029710943569 -0.486059421887138
0.000000000000000 -0.743029710943569 -0.486059421887138
0.000000000000000 -0.693990812856980 -0.486059421887138
0.000000000000000 -0.582894528675933 -0.486059421887138
0.000000000000000 -0.419986641633084 -0.486059421887138
0.000000000000000 -0.219757081994372 -0.486059421887138
0.000000000000000 0.000000000000000 -0.486059421887138
0.000000000000000 0.219757081994372 -0.486059421887138
0.000000000000000 0.419986641633084 -0.486059421887138
0.000000000000000 0.582894528675933 -0.486059421887138
0.000000000000000 0.693990812856980 -0.486059421887138
0.000000000000000 0.743029710943569 -0.486059421887138
0.219757081994372 -0.743029710943569 -0.486059421887138
0.219757081994372 -0.693990812856980 -0.486059421887138
0.219757081994372 -0.582894528675933 -0.486059421887138
0.219757081994372 -0.419986641633084 -0.486059421887138
0.219757081994372 -0.219757081994372 -0.486059421887138
0.219757081994372 0.000000000000000 -0.486059421887138
0.219757081994372 0.219757081994372 -0.486059421887138
0.219757081994372 0.419986641633084 -0.486059421887138
0.219757081994372 0.582894528675933 -0.486059421887138
0.219757081994372 0.693990812856980 -0.486059421887138
0.219757081994372 0.743029710943569 -0.486059421887138
0.419986641633084 -0.743029710943569 -0.486059421887138
0.419986641633084 -0.693990812856980 -0.486059421887138
0.419986641633084 -0.582894528675933 -0.486059421887138
0.419986641633084 -0.419986641633084 -0.486059421887138
0.419986641633084 -0.219757081994372 -0.486059421887138
0.419986641633084 0.000000000000000 -0.486059421887138
0.419986641633084 0.219757081994372 -0.486059421887138
0.419986641633084 0.419986641633084 -0.486059421887138
0.419986641633084 0.582894528675933 -0.486059421887138
0.419986641633084 0.693990812856980 -0.486059421887138
0.419986641633084 0.743029710943569 -0.486059421887138
0.582894528675933 -0.743029710943569 -0.486059421887138
0.582894528675933 -0.693990812856980 -0.486059421887138
0.582894528675933 -0.582894528675933 -0.486059421887138
0.582894528675933 -0.419986641633084 -0.486059421887138
0.582894528675933 -0.219757081994372 -0.486059421887138
0.582894528675933 0.000000000000000 -0.486059421887138
0.582894528675933 0.219757081994372 -0.486059421887138
0.582894528675933 0.419986641633084 -0.486059421887138
0.582894528675933 0.582894528675933 -0.486059421887138
0.582894528675933 0.693990812856980 -0.486059421887138
0.582894528675933 0.743029710943569 -0.486059421887138
0.693990812856980 -0.743029710943569 -0.486059421887138
0.693990812856980 -0.693990812856980 -0.486059421887138
0.693990812856980 -0.582894528675933 -0.486059421887138
0.693990812856980 -0.419986641633084 -0.486059421887138
0.693990812856980 -0.219757081994372 -0.486059421887138
0.693990812856980 0.000000000000000 -0.486059421887138
0.693990812856980 0.219757081994372 -0.486059421887138
0.693990812856980 0.419986641633084 -0.486059421887138
0.693990812856980 0.582894528675933 -0.486059421887138
0.693990812856980 0.693990812856980 -0.486059421887138
0.693990812856980 0.743029710943569 -0.486059421887138
0.743029710943569 -0.743029710943569 -0.486059421887138
0.743029710943569 -0.693990812856980 -0.486059421887138
0.743029710943569 -0.582894528675933 -0.486059421887138
0.743029710943569 -0.419986641633084 -0.486059421887138
0.743029710943569 -0.219757081994372 -0.486059421887138
0.743029710943569 0.000000000000000 -0.486059421887138
0.743029710943569 0.219757081994372 -0.486059421887138
0.743029710943569 0.419986641633084 -0.486059421887138
0.743029710943569 0.582894528675933 -0.486059421887138
0.743029710943569 0.693990812856980 -0.486059421887138
0.743029710943569 0.743029710943569 -0.486059421887138
-0.649915234450382 -0.649915234450382 -0.299830468900763
-0.649915234450382 -0.597619095511080 -0.299830468900763
-0.649915234450382 -0.480140389745859 -0.299830468900763
-0.649915234450382 -0.310610705805742 -0.299830468900763
-0.649915234450382 -0.107417312521465 -0.299830468900763
-0.649915234450382 0.107417312521465 -0.299830468900763
-0.649915234450382 0.310610705805742 -0.299830468900763
-0.649915234450382 0.480140389745859 -0.299830468900763
-0.649915234450382 0.597619095511080 -0.299830468900763
-0.649915234450382 0.649915234450382 -0.299830468900763
-0.597619095511080 -0.649915234450382 -0.299830468900763
-0.597619095511080 -0.597619095511080 -0.299830468900763
-0.597619095511080 -0.480140389745859 -0.299830468900763
-0.597619095511080 -0.310610705805742 -0.299830468900763
-0.597619095511080 -0.107417312521465 -0.299830468900763
-0.597619095511080 0.107417312521465 -0.299830468900763
-0.597619095511080 0.310610705805742 -0.299830468900763
-0.597619095511080 0.480140389745859 -0.299830468900763
-0.597619095511080 0.597619095511080 -0.299830468900763
-0.597619095511080 0.649915234450382 -0.299830468900763
-0.480140389745859 -0.649915234450382 -0.299830468900763
-0.480140389745859 -0.597619095511080 -0.299830468900763
-0.480140389745859 -0.480140389745859 -0.299830468900763
-0.480140389745859 -0.310610705805742 -0.299830468900763
-0.480140389745859 -0.107417312521465 -0.299830468900763
-0.480140389745859 0.107417312521465 -0.299830468900763
-0.480140389745859 0.310610705805742 -0.299830468900763
-0.480140389745859 0.480140389745859 -0.299830468900763
-0.480140389745859 0.597619095511080 -0.299830468900763
-0.480140389745859 0.649915234450382 -0.299830468900763
-0.310610705805742 -0.649915234450382 -0.299830468900763
-0.310610705805742 -0.597619095511080 -0.299830468900763
-0.310610705805742 -0.480140389745859 -0.299830468900763
-0.310610705805742 -0.310610705805742 -0.299830468900763
-0.310610705805742 -0.107417312521465 -0.299830468900763
-0.310610705805742 0.107417312521465 -0.299830468900763
-0.310610705805742 0.310610705805742 -0.299830468900763
-0.310610705805742 0.480140389745859 -0.299830468900763
-0.310610705805742 0.597619095511080 -0.299830468900763
-0.310610705805742 0.649915234450382 -0.299830468900763
-0.107417312521465 -0.649915234450382 -0.299830468900763
-0.107417312521465 -0.597619095511080 -0.299830468900763
-0.107417312521465 -0.480140389745859 -0.299830468900763
-0.107417312521465 -0.310610705805742 -0.299830468900763
-0.107417312521465 -0.107417312521465 -0.299830468900763
-0.107417312521465 0.107417312521465 -0.299830468900763
-0.107417312521465 0.310610705805742 -0.299830468900763
-0.107417312521465 0.480140389745859 -0.299830468900763
-0.107417312521465 0.597619095511080 -0.299830468900763
-0.107417312521465 0.649915234450382 -0.299830468900763
0.107417312521465 -0.649915234450382 -0.299830468900763
0.107417312521465 -0.597619095511080 -0.299830468900763
0.107417312521465 -0.480140389745859 -0.299830468900763
0.107417312521465 -0.310610705805742 -0.299830468900763
0.107417312521465 -0.107417312521465 -0.299830468900763
0.107417312521465 0.107417312521465 -0.299830468900763
0.107417312521465 0.310610705805742 -0.299830468900763
0.107417312521465 0.480140389745859 -0.299830468900763
0.107417312521465 0.597619095511080 -0.299830468900763
0.107417312521465 0.649915234450382 -0.299830468900763
0.310610705805742 -0.649915234450382 -0.299830468900763
0.310610705805742 -0.597619095511080 -0.299830468900763
0.310610705805742 -0.480140389745859 -0.299830468900763
0.310610705805742 -0.310610705805742 -0.299830468900763
0.310610705805742 -0.107417312521465 -0.299830468900763
0.310610705805742 0.107417312521465 -0.299830468900763
0.310610705805742 0.310610705805742 -0.299830468900763
0.310610705805742 0.480140389745859 -0.299830468900763
0.310610705805742 0.597619095511080 -0.299830468900763
0.310610705805742 0.649915234450382 -0.299830468900763
0.480140389745859 -0.649915234450382 -0.299830468900763
0.480140389745859 -0.597619095511080 -0.299830468900763
0.480140389745859 -0.480140389745859 -0.299830468900763
0.480140389745859 -0.310610705805742 -0.299830468900763
0.480140389745859 -0.107417312521465 -0.299830468900763
0.480140389745859 0.107417312521465 -0.299830468900763
0.480140389745859 0.310610705805742 -0.299830468900763
0.480140389745859 0.480140389745859 -0.299830468900763
0.480140389745859 0.597619095511080 -0.299830468900763
0.480140389745859 0.649915234450382 -0.299830468900763
0.597619095511080 -0.649915234450382 -0.299830468900763
0.597619095511080 -0.597619095511080 -0.299830468900763
0.597619095511080 -0.480140389745859 -0.299830468900763
0.597619095511080 -0.310610705805742 -0.299830468900763
0.597619095511080 -0.107417312521465 -0.299830468900763
0.597619095511080 0.107417312521465 -0.299830468900763
0.597619095511080 0.310610705805742 -0.299830468900763
0.597619095511080 0.480140389745859 -0.299830468900763
0.597619095511080 0.597619095511080 -0.299830468900763
0.597619095511080 0.649915234450382 -0.299830468900763
0.649915234450382 -0.649915234450382 -0.299830468900763
0.649915234450382 -0.597619095511080 -0.299830468900763
0.649915234450382 -0.480140389745859 -0.299830468900763
0.649915234450382 -0.310610705805742 -0.299830468900763
0.649915234450382 -0.107417312521465 -0.299830468900763
0.649915234450382 0.107417312521465 -0.299830468900763
0.649915234450382 0.310610705805742 -0.299830468900763
0.649915234450382 0.480140389745859 -0.299830468900763
0.649915234450382 0.597619095511080 -0.299830468900763
0.649915234450382 0.649915234450382 -0.299830468900763
-0.550663136760975 -0.550663136760975 -0.101326273521949
-0.550663136760975 -0.495463560079041 -0.101326273521949
-0.550663136760975 -0.372901520846877 -0.101326273521949
-0.550663136760975 -0.199955401643213 -0.101326273521949
-0.550663136760975 0.000000000000000 -0.101326273521949
-0.550663136760975 0.199955401643213 -0.101326273521949
-0.550663136760975 0.372901520846877 -0.101326273521949
-0.550663136760975 0.495463560079041 -0.101326273521949
-0.550663136760975 0.550663136760975 -0.101326273521949
-0.495463560079041 -0.550663136760975 -0.101326273521949
-0.495463560079041 -0.495463560079041 -0.101326273521949
-0.495463560079041 -0.372901520846877 -0.101326273521949
-0.495463560079041 -0.199955401643213 -0.101326273521949
-0.495463560079041 0.000000000000000 -0.101326273521949
-0.495463560079041 0.199955401643213 -0.101326273521949
-0.495463560079041 0.372901520846877 -0.101326273521949
-0.495463560079041 0.495463560079041 -0.101326273521949
-0.495463560079041 0.550663136760975 -0.101326273521949
-0.372901520846877 -0.550663136760975 -0.101326273521949
-0.372901520846877 -0.495463560079041 -0.101326273521949
-0.372901520846877 -0.372901520846877 -0.101326273521949
-0.372901520846877 -0.199955401643213 -0.101326273521949
-0.372901520846877 0.000000000000000 -0.101326273521949
-0.372901520846877 0.199955401643213 -0.101326273521949
-0.372901520846877 0.372901520846877 -0.101326273521949
-0.372901520846877 0.495463560079041 -0.101326273521949
-0.372901520846877 0.550663136760975 -0.101326273521949
-0.199955401643213 -0.550663136760975 -0.101326273521949
-0.199955401643213 -0.495463560079041 -0.101326273521949
-0.199955401643213 -0.372901520846877 -0.101326273521949
-0.199955401643213 -0.199955401643213 -0.101326273521949
-0.199955401643213 0.000000000000000 -0.101326273521949
-0.199955401643213 0.199955401643213 -0.101326273521949
-0.199955401643213 0.372901520846877 -0.101326273521949
-0.199955401643213 0.495463560079041 -0.101326273521949
-0.199955401643213 0.550663136760975 -0.101326273521949
0.000000000000000 -0.550663136760975 -0.101326273521949
0.000000000000000 -0.495463560079041 -0.101326273521949
0.000000000000000 -0.372901520846877 -0.101326273521949
0.000000000000000 -0.199955401643213 -0.101326273521949
0.000000000000000 0.000000000000000 -0.101326273521949
0.000000000000000 0.199955401643213 -0.101326273521949
0.000000000000000 0.372901520846877 -0.101326273521949
0.000000000000000 0.495463560079041 -0.101326273521949
0.000000000000000 0.550663136760975 -0.101326273521949
0.199955401643213 -0.550663136760975 -0.101326273521949
0.199955401643213 -0.495463560079041 -0.101326273521949
0.199955401643213 -0.372901520846877 -0.101326273521949
0.199955401643213 -0.199955401643213 -0.101326273521949
0.199955401643213 0.000000000000000 -0.101326273521949
0.199955401643213 0.199955401643213 -0.101326273521949
0.199955401643213 0.372901520846877 -0.101326273521949
0.199955401643213 0.495463560079041 -0.101326273521949
0.199955401643213 0.550663136760975 -0.101326273521949
0.372901520846877 -0.550663136760975 -0.101326273521949
0.372901520846877 -0.495463560079041 -0.101326273521949
0.372901520846877 -0.372901520846877 -0.101326273521949
0.372901520846877 -0.199955401643213 -0.101326273521949
0.372901520846877 0.000000000000000 -0.101326273521949
0.372901520846877 0.199955401643213 -0.101326273521949
0.372901520846877 0.372901520846877 -0.101326273521949
0.372901520846877 0.495463560079041 -0.101326273521949
0.372901520846877 0.550663136760975 -0.101326273521949
0.495463560079041 -0.550663136760975 -0.101326273521949
0.495463560079041 -0.495463560079041 -0.101326273521949
0.495463560079041 -0.372901520846877 -0.101326273521949
0.495463560079041 -0.199955401643213 -0.101326273521949
0.495463560079041 0.000000000000000 -0.101326273521949
0.495463560079041 0.199955401643213 -0.101326273521949
0.495463560079041 0.372901520846877 -0.101326273521949
0.495463560079041 0.495463560079041 -0.101326273521949
0.495463560079041 0.550663136760975 -0.101326273521949
0.550663136760975 -0.550663136760975 -0.101326273521949
0.550663136760975 -0.495463560079041 -0.101326273521949
0.550663136760975 -0.372901520846877 -0.101326273521949
0.550663136760975 -0.199955401643213 -0.101326273521949
0.550663136760975 0.000000000000000 -0.101326273521949
0.550663136760975 0.199955401643213 -0.101326273521949
0.550663136760975 0.372901520846877 -0.101326273521949
0.550663136760975 0.495463560079041 -0.101326273521949
0.550663136760975 0.550663136760975 -0.101326273521949
-0.449336863239025 -0.449336863239025 0.101326273521949
-0.449336863239025 -0.391704983890829 0.101326273521949
-0.449336863239025 -0.265872703503130 0.101326273521949
-0.449336863239025 -0.094045854050681 0.101326273521949
-0.449336863239025 0.094045854050681 0.101326273521949
-0.449336863239025 0.265872703503130 0.101326273521949
-0.449336863239025 0.391704983890829 0.101326273521949
-0.449336863239025 0.449336863239025 0.101326273521949
-0.391704983890829 -0.449336863239025 0.101326273521949
-0.391704983890829 -0.391704983890829 0.101326273521949
-0.391704983890829 -0.265872703503130 0.101326273521949
-0.391704983890829 -0.094045854050681 0.101326273521949
-0.391704983890829 0.094045854050681 0.101326273521949
-0.391704983890829 0.265872703503130 0.101326273521949
-0.391704983890829 0.391704983890829 0.101326273521949
-0.391704983890829 0.449336863239025 0.101326273521949
-0.265872703503130 -0.449336863239025 0.101326273521949
-0.265872703503130 -0.391704983890829 0.101326273521949
-0.265872703503130 -0.265872703503130 0.101326273521949
-0.265872703503130 -0.094045854050681 0.101326273521949
-0.265872703503130 0.094045854050681 0.101326273521949
-0.265872703503130 0.265872703503130 0.101326273521949
-0.265872703503130 0.391704983890829 0.101326273521949
-0.265872703503130 0.449336863239025 0.101326273521949
-0.094045854050681 -0.449336863239025 0.101326273521949
-0.094045854050681 -0.391704983890829 0.101326273521949
-0.094045854050681 -0.265872703503130 0.101326273521949
-0.094045854050681 -0.094045854050681 0.101326273521949
-0.094045854050681 0.094045854050681 0.101326273521949
-0.094045854050681 0.265872703503130 0.101326273521949
-0.094045854050681 0.391704983890829 0.101326273521949
-0.094045854050681 0.449336863239025 0.101326273521949
0.094045854050681 -0.449336863239025 0.101326273521949
0.094045854050681 -0.391704983890829 0.101326273521949
0.094045854050681 -0.265872703503130 0.101326273521949
0.094045854050681 -0.094045854050681 0.101326273521949
0.094045854050681 0.094045854050681 0.101326273521949
0.094045854050681 0.265872703503130 0.101326273521949
0.094045854050681 0.391704983890829 0.101326273521949
0.094045854050681 0.449336863239025 0.101326273521949
0.265872703503130 -0.449336863239025 0.101326273521949
0.265872703503130 -0.391704983890829 0.101326273521949
0.265872703503130 -0.265872703503130 0.101326273521949
0.265872703503130 -0.094045854050681 0.101326273521949
0.265872703503130 0.094045854050681 0.101326273521949
0.265872703503130 0.265872703503130 0.101326273521949
0.265872703503130 0.391704983890829 0.101326273521949
0.265872703503130 0.449336863239025 0.101326273521949
0.391704983890829 -0.449336863239025 0.101326273521949
0.391704983890829 -0.391704983890829 0.101326273521949
0.391704983890829 -0.265872703503130 0.101326273521949
0.391704983890829 -0.094045854050681 0.101326273521949
0.391704983890829 0.094045854050681 0.101326273521949
0.391704983890829 0.265872703503130 0.101326273521949
0.391704983890829 0.391704983890829 0.101326273521949
0.391704983890829 0.449336863239025 0.101326273521949
0.449336863239025 -0.449336863239025 0.101326273521949
0.449336863239025 -0.391704983890829 0.101326273521949
0.449336863239025 -0.265872703503130 0.101326273521949
0.449336863239025 -0.094045854050681 0.101326273521949
0.449336863239025 0.094045854050681 0.101326273521949
0.449336863239025 0.265872703503130 0.101326273521949
0.449336863239025 0.391704983890829 0.101326273521949
0.449336863239025 0.449336863239025 0.101326273521949
-0.350084765549618 -0.350084765549618 0.299830468900763
-0.350084765549618 -0.290648738082373 0.299830468900763
-0.350084765549618 -0.164136819940416 0.299830468900763
-0.350084765549618 0.000000000000000 0.299830468900763
-0.350084765549618 0.164136819940416 0.299830468900763
-0.350084765549618 0.290648738082373 0.299830468900763
-0.350084765549618 0.350084765549618 0.299830468900763
-0.290648738082373 -0.350084765549618 0.299830468900763
-0.290648738082373 -0.290648738082373 0.299830468900763
-0.290648738082373 -0.164136819940416 0.299830468900763
-0.290648738082373 0.000000000000000 0.299830468900763
-0.290648738082373 0.164136819940416 0.299830468900763
-0.290648738082373 0.290648738082373 0.299830468900763
-0.290648738082373 0.350084765549618 0.299830468900763
-0.164136819940416 -0.350084765549618 0.299830468900763
-0.164136819940416 -0.290648738082373 0.299830468900763
-0.164136819940416 -0.164136819940416 0.299830468900763
-0.164136819940416 0.000000000000000 0.299830468900763
-0.164136819940416 0.164136819940416 0.299830468900763
-0.164136819940416 0.290648738082373 0.299830468900763
-0.164136819940416 0.350084765549618 0.299830468900763
0.000000000000000 -0.350084765549618 0.299830468900763
0.000000000000000 -0.290648738082373 0.299830468900763
0.000000000000000 -0.164136819940416 0.299830468900763
0.000000000000000 0.000000000000000 0.299830468900763
0.000000000000000 0.164136819940416 0.299830468900763
0.000000000000000 0.290648738082373 0.299830468900763
0.000000000000000 0.350084765549618 0.299830468900763
0.164136819940416 -0.350084765549618 0.299830468900763
0.164136819940416 -0.290648738082373 0.299830468900763
0.164136819940416 -0.164136819940416 0.299830468900763
0.164136819940416 0.000000000000000 0.299830468900763
0.164136819940416 0.164136819940416 0.299830468900763
0.164136819940416 0.290648738082373 0.299830468900763
0.164136819940416 0.350084765549618 0.299830468900763
0.290648738082373 -0.350084765549618 0.299830468900763
0.290648738082373 -0.290648738082373 0.299830468900763
0.290648738082373 -0.164136819940416 0.299830468900763
0.290648738082373 0.000000000000000 0.299830468900763
0.290648738082373 0.164136819940416 0.299830468900763
0.290648738082373 0.290648738082373 0.299830468900763
0.290648738082373 0.350084765549618 0.299830468900763
0.350084765549618 -0.350084765549618 0.299830468900763
0.350084765549618 -0.290648738082373 0.299830468900763
0.350084765549618 -0.164136819940416 0.299830468900763
0.350084765549618 0.000000000000000 0.299830468900763
0.350084765549618 0.164136819940416 0.299830468900763
0.350084765549618 0.290648738082373 0.299830468900763
0.350084765549618 0.350084765549618 0.299830468900763
-0.256970289056431 -0.256970289056431 0.486059421887138
-0.256970289056431 -0.196596487734316 0.486059421887138
-0.256970289056431 -0.073296025238036 0.486059421887138
-0.256970289056431 0.073296025238036 0.486059421887138
-0.256970289056431 0.196596487734316 0.486059421887138
-0.256970289056431 0.256970289056431 0.486059421887138
-0.196596487734316 -0.256970289056431 0.486059421887138
-0.196596487734316 -0.196596487734316 0.486059421887138
-0.196596487734316 -0.073296025238036 0.486059421887138
-0.196596487734316 0.073296025238036 0.486059421887138
-0.196596487734316 0.196596487734316 0.486059421887138
-0.196596487734316 0.256970289056431 0.486059421887138
-0.073296025238036 -0.256970289056431 0.486059421887138
-0.073296025238036 -0.196596487734316 0.486059421887138
-0.073296025238036 -0.073296025238036 0.486059421887138
-0.073296025238036 0.073296025238036 0.486059421887138
-0.073296025238036 0.196596487734316 0.486059421887138
-0.073296025238036 0.256970289056431 0.486059421887138
0.073296025238036 -0.256970289056431 0.486059421887138
0.073296025238036 -0.196596487734316 0.486059421887138
0.073296025238036 -0.073296025238036 0.486059421887138
0.073296025238036 0.073296025238036 0.486059421887138
0.073296025238036 0.196596487734316 0.486059421887138
0.073296025238036 0.256970289056431 0.486059421887138
0.196596487734316 -0.256970289056431 0.486059421887138
0.196596487734316 -0.196596487734316 0.486059421887138
0.196596487734316 -0.073296025238036 0.486059421887138
0.196596487734316 0.073296025238036 0.486059421887138
0.196596487734316 0.196596487734316 0.486059421887138
0.196596487734316 0.256970289056431 0.486059421887138
0.256970289056431 -0.256970289056431 0.486059421887138
0.256970289056431 -0.196596487734316 0.486059421887138
0.256970289056431 -0.073296025238036 0.486059421887138
0.256970289056431 0.073296025238036 0.486059421887138
0.256970289056431 0.196596487734316 0.486059421887138
0.256970289056431 0.256970289056431 0.486059421887138
-0.173805648558753 -0.173805648558753 0.652388702882493
-0.173805648558753 -0.113782505818769 0.652388702882493
-0.173805648558753 0.000000000000000 0.652388702882493
-0.173805648558753 0.113782505818769 0.652388702882493
-0.173805648558753 0.173805648558753 0.652388702882493
-0.113782505818769 -0.173805648558753 0.652388702882493
-0.113782505818769 -0.113782505818769 0.652388702882493
-0.113782505818769 0.000000000000000 0.652388702882493
-0.113782505818769 0.113782505818769 0.652388702882493
-0.113782505818769 0.173805648558753 0.652388702882493
0.000000000000000 -0.173805648558753 0.652388702882493
0.000000000000000 -0.113782505818769 0.652388702882493
0.000000000000000 0.000000000000000 0.652388702882493
0.000000000000000 0.113782505818769 0.652388702882493
0.000000000000000 0.173805648558753 0.652388702882493
0.113782505818769 -0.173805648558753 0.652388702882493
0.113782505818769 -0.113782505818769 0.652388702882493
0.113782505818769 0.000000000000000 0.652388702882493
0.113782505818769 0.113782505818769 0.652388702882493
0.113782505818769 0.173805648558753 0.652388702882493
0.173805648558753 -0.173805648558753 0.652388702882493
0.173805648558753 -0.113782505818769 0.652388702882493
0.173805648558753 0.000000000000000 0.652388702882493
0.173805648558753 0.113782505818769 0.652388702882493
0.173805648558753 0.173805648558753 0.652388702882493
-0.103995854069092 -0.103995854069092 0.792008291861815
-0.103995854069092 -0.046508359815328 0.792008291861815
-0.103995854069092 0.046508359815328 0.792008291861815
-0.103995854069092 0.103995854069092 0.792008291861815
-0.046508359815328 -0.103995854069092 0.792008291861815
-0.046508359815328 -0.046508359815328 0.792008291861815
-0.046508359815328 0.046508359815328 0.792008291861815
-0.046508359815328 0.103995854069092 0.792008291861815
0.046508359815328 -0.103995854069092 0.792008291861815
0.046508359815328 -0.046508359815328 0.792008291861815
0.046508359815328 0.046508359815328 0.792008291861815
0.046508359815328 0.103995854069092 0.792008291861815
0.103995854069092 -0.103995854069092 0.792008291861815
0.103995854069092 -0.046508359815328 0.792008291861815
0.103995854069092 0.046508359815328 0.792008291861815
0.103995854069092 0.103995854069092 0.792008291861815
-0.050399733453264 -0.050399733453264 0.899200533093472
-0.050399733453264 0.000000000000000 0.899200533093472
-0.050399733453264 0.050399733453264 0.899200533093472
0.000000000000000 -0.050399733453264 0.899200533093472
0.000000000000000 0.000000000000000 0.899200533093472
0.000000000000000 0.050399733453264 0.899200533093472
0.050399733453264 -0.050399733453264 0.899200533093472
0.050399733453264 0.000000000000000 0.899200533093472
0.050399733453264 0.050399733453264 0.899200533093472
-0.015215976864891 -0.015215976864891 0.969568046270218
-0.015215976864891 0.015215976864891 0.969568046270218
0.015215976864891 -0.015215976864891 0.969568046270218
0.015215976864891 0.015215976864891 0.969568046270218
0.000000000000000 0.000000000000000 1.000000000000000
