-1.000000000000000 -1.000000000000000 -1.000000000000000
-1.000000000000000 -0.965245926503839 -1.000000000000000
-1.000000000000000 -0.885082044222976 -1.000000000000000
-1.000000000000000 -0.763519689951815 -1.000000000000000
-1.000000000000000 -0.606253205469846 -1.000000000000000
-1.000000000000000 -0.420638054713672 -1.000000000000000
-1.000000000000000 -0.215353955363794 -1.000000000000000
-1.000000000000000 0.000000000000000 -1.000000000000000
-1.000000000000000 0.215353955363794 -1.000000000000000
-1.000000000000000 0.420638054713672 -1.000000000000000
-1.000000000000000 0.606253205469846 -1.000000000000000
-1.000000000000000 0.763519689951815 -1.000000000000000
-1.000000000000000 0.885082044222976 -1.000000000000000
-1.000000000000000 0.965245926503839 -1.000000000000000
-1.000000000000000 1.000000000000000 -1.000000000000000
-0.965245926503839 -1.000000000000000 -1.000000000000000
-0.965245926503839 -0.965245926503839 -1.000000000000000
-0.965245926503839 -0.885082044222976 -1.000000000000000
-0.965245926503839 -0.763519689951815 -1.000000000000000
-0.965245926503839 -0.606253205469846 -1.000000000000000
-0.965245926503839 -0.420638054713672 -1.000000000000000
-0.965245926503839 -0.215353955363794 -1.000000000000000
-0.965245926503839 0.000000000000000 -1.000000000000000
-0.965245926503839 0.215353955363794 -1.000000000000000
-0.965245926503839 0.420638054713672 -1.000000000000000
-0.965245926503839 0.606253205469846 -1.000000000000000
-0.965245926503839 0.763519689951815 -1.000000000000000
-0.965245926503839 0.885082044222976 -1.000000000000000
-0.965245926503839 0.965245926503839 -1.000000000000000
-0.965245926503839 1.000000000000000 -1.000000000000000
-0.885082044222976 -1.000000000000000 -1.000000000000000
-0.885082044222976 -0.965245926503839 -1.000000000000000
-0.885082044222976 -0.885082044222976 -1.000000000000000
-0.885082044222976 -0.763519689951815 -1.000000000000000
-0.885082044222976 -0.606253205469846 -1.000000000000000
-0.885082044222976 -0.420638054713672 -1.000000000000000
-0.885082044222976 -0.215353955363794 -1.000000000000000
-0.885082044222976 0.000000000000000 -1.000000000000000
-0.885082044222976 0.215353955363794 -1.000000000000000
-0.885082044222976 0.420638054713672 -1.000000000000000
-0.885082044222976 0.606253205469846 -1.000000000000000
-0.885082044222976 0.763519689951815 -1.000000000000000
-0.885082044222976 0.885082044222976 -1.000000000000000
-0.885082044222976 0.965245926503839 -1.000000000000000
-0.885082044222976 1.000000000000000 -1.000000000000000
-0.763519689951815 -1.000000000000000 -1.000000000000000
-0.763519689951815 -0.965245926503839 -1.000000000000000
-0.763519689951815 -0.885082044222976 -1.000000000000000
-0.763519689951815 -0.763519689951815 -1.000000000000000
-0.763519689951815 -0.606253205469846 -1.000000000000000
-0.763519689951815 -0.420638054713672 -1.000000000000000
-0.763519689951815 -0.215353955363794 -1.000000000000000
-0.763519689951815 0.000000000000000 -1.000000000000000
-0.763519689951815 0.215353955363794 -1.000000000000000
-0.763519689951815 0.420638054713672 -1.000000000000000
-0.763519689951815 0.606253205469846 -1.000000000000000
-0.763519689951815 0.763519689951815 -1.000000000000000
-0.763519689951815 0.885082044222976 -1.000000000000000
-0.763519689951815 0.965245926503839 -1.000000000000000
-0.763519689951815 1.000000000000000 -1.000000000000000
-0.606253205469846 -1.000000000000000 -1.000000000000000
-0.606253205469846 -0.965245926503839 -1.000000000000000
-0.606253205469846 -0.885082044222976 -1.000000000000000
-0.606253205469846 -0.763519689951815 -1.000000000000000
-0.606253205469846 -0.606253205469846 -1.000000000000000
-0.606253205469846 -0.420638054713672 -1.000000000000000
-0.606253205469846 -0.215353955363794 -1.000000000000000
-0.606253205469846 0.000000000000000 -1.000000000000000
-0.606253205469846 0.215353955363794 -1.000000000000000
-0.606253205469846 0.420638054713672 -1.000000000000000
-0.606253205469846 0.606253205469846 -1.000000000000000
-0.606253205469846 0.763519689951815 -1.000000000000000
-0.606253205469846 0.885082044222976 -1.000000000000000
-0.606253205469846 0.965245926503839 -1.000000000000000
-0.606253205469846 1.000000000000000 -1.000000000000000
-0.420638054713672 -1.000000000000000 -1.000000000000000
-0.420638054713672 -0.965245926503839 -1.000000000000000
-0.420638054713672 -0.885082044222976 -1.000000000000000
-0.420638054713672 -0.763519689951815 -1.000000000000000
-0.420638054713672 -0.606253205469846 -1.000000000000000
-0.420638054713672 -0.420638054713672 -1.000000000000000
-0.420638054713672 -0.215353955363794 -1.000000000000000
-0.420638054713672 0.000000000000000 -1.000000000000000
-0.420638054713672 0.215353955363794 -1.000000000000000
-0.420638054713672 0.420638054713672 -1.000000000000000
-0.420638054713672 0.606253205469846 -1.000000000000000
-0.420638054713672 0.763519689951815 -1.000000000000000
-0.420638054713672 0.885082044222976 -1.000000000000000
-0.420638054713672 0.965245926503839 -1.000000000000000
-0.420638054713672 1.000000000000000 -1.000000000000000
-0.215353955363794 -1.000000000000000 -1.000000000000000
-0.215353955363794 -0.965245926503839 -1.000000000000000
-0.215353955363794 -0.885082044222976 -1.000000000000000
-0.215353955363794 -0.763519689951815 -1.000000000000000
-0.215353955363794 -0.606253205469846 -1.000000000000000
-0.215353955363794 -0.420638054713672 -1.000000000000000
-0.215353955363794 -0.215353955363794 -1.000000000000000
-0.215353955363794 0.000000000000000 -1.000000000000000
-0.215353955363794 0.215353955363794 -1.000000000000000
-0.215353955363794 0.420638054713672 -1.000000000000000
-0.215353955363794 0.606253205469846 -1.000000000000000
-0.215353955363794 0.763519689951815 -1.000000000000000
-0.215353955363794 0.885082044222976 -1.000000000000000
-0.215353955363794 0.965245926503839 -1.000000000000000
-0.215353955363794 1.000000000000000 -1.000000000000000
0.000000000000000 -1.000000000000000 -1.000000000000000
0.000000000000000 -0.965245926503839 -1.000000000000000
0.000000000000000 -0.885082044222976 -1.000000000000000
0.000000000000000 -0.763519689951815 -1.000000000000000
0.000000000000000 -0.606253205469846 -1.000000000000000
0.000000000000000 -0.420638054713672 -1.000000000000000
0.000000000000000 -0.215353955363794 -1.000000000000000
0.000000000000000 0.000000000000000 -1.000000000000000
0.000000000000000 0.215353955363794 -1.000000000000000
0.000000000000000 0.420638054713672 -1.000000000000000
0.000000000000000 0.606253205469846 -1.000000000000000
0.000000000000000 0.763519689951815 -1.000000000000000
0.000000000000000 0.885082044222976 -1.000000000000000
0.000000000000000 0.965245926503839 -1.000000000000000
0.000000000000000 1.000000000000000 -1.000000000000000
0.215353955363794 -1.000000000000000 -1.000000000000000
0.215353955363794 -0.965245926503839 -1.000000000000000
0.215353955363794 -0.885082044222976 -1.000000000000000
0.215353955363794 -0.763519689951815 -1.000000000000000
0.215353955363794 -0.606253205469846 -1.000000000000000
0.215353955363794 -0.420638054713672 -1.000000000000000
0.215353955363794 -0.215353955363794 -1.000000000000000
0.215353955363794 0.000000000000000 -1.000000000000000
0.215353955363794 0.215353955363794 -1.000000000000000
0.215353955363794 0.420638054713672 -1.000000000000000
0.215353955363794 0.606253205469846 -1.000000000000000
0.215353955363794 0.763519689951815 -1.000000000000000
0.215353955363794 0.885082044222976 -1.000000000000000
0.215353955363794 0.965245926503839 -1.000000000000000
0.215353955363794 1.000000000000000 -1.000000000000000
0.420638054713672 -1.000000000000000 -1.000000000000000
0.420638054713672 -0.965245926503839 -1.000000000000000
0.420638054713672 -0.885082044222976 -1.000000000000000
0.420638054713672 -0.763519689951815 -1.000000000000000
0.420638054713672 -0.606253205469846 -1.000000000000000
0.420638054713672 -0.420638054713672 -1.000000000000000
0.420638054713672 -0.215353955363794 -1.000000000000000
0.420638054713672 0.000000000000000 -1.000000000000000
0.420638054713672 0.215353955363794 -1.000000000000000
0.420638054713672 0.420638054713672 -1.000000000000000
0.420638054713672 0.606253205469846 -1.000000000000000
0.420638054713672 0.763519689951815 -1.000000000000000
0.420638054713672 0.885082044222976 -1.000000000000000
0.420638054713672 0.965245926503839 -1.000000000000000
0.420638054713672 1.000000000000000 -1.000000000000000
0.606253205469846 -1.000000000000000 -1.000000000000000
0.606253205469846 -0.965245926503839 -1.000000000000000
0.606253205469846 -0.885082044222976 -1.000000000000000
0.606253205469846 -0.763519689951815 -1.000000000000000
0.606253205469846 -0.606253205469846 -1.000000000000000
0.606253205469846 -0.420638054713672 -1.000000000000000
0.606253205469846 -0.215353955363794 -1.000000000000000
0.606253205469846 0.000000000000000 -1.000000000000000
0.606253205469846 0.215353955363794 -1.000000000000000
0.606253205469846 0.420638054713672 -1.000000000000000
0.606253205469846 0.606253205469846 -1.000000000000000
0.606253205469846 0.763519689951815 -1.000000000000000
0.606253205469846 0.885082044222976 -1.000000000000000
0.606253205469846 0.965245926503839 -1.000000000000000
0.606253205469846 1.000000000000000 -1.000000000000000
0.763519689951815 -1.000000000000000 -1.000000000000000
0.763519689951815 -0.965245926503839 -1.000000000000000
0.763519689951815 -0.885082044222976 -1.000000000000000
0.763519689951815 -0.763519689951815 -1.000000000000000
0.763519689951815 -0.606253205469846 -1.000000000000000
0.763519689951815 -0.420638054713672 -1.000000000000000
0.763519689951815 -0.215353955363794 -1.000000000000000
0.763519689951815 0.000000000000000 -1.000000000000000
0.763519689951815 0.215353955363794 -1.000000000000000
0.763519689951815 0.420638054713672 -1.000000000000000
0.763519689951815 0.606253205469846 -1.000000000000000
0.763519689951815 0.763519689951815 -1.000000000000000
0.763519689951815 0.885082044222976 -1.000000000000000
0.763519689951815 0.965245926503839 -1.000000000000000
0.763519689951815 1.000000000000000 -1.000000000000000
0.885082044222976 -1.000000000000000 -1.000000000000000
0.885082044222976 -0.965245926503839 -1.000000000000000
0.885082044222976 -0.885082044222976 -1.000000000000000
0.885082044222976 -0.763519689951815 -1.000000000000000
0.885082044222976 -0.606253205469846 -1.000000000000000
0.885082044222976 -0.420638054713672 -1.000000000000000
0.885082044222976 -0.215353955363794 -1.000000000000000
0.885082044222976 0.000000000000000 -1.000000000000000
0.885082044222976 0.215353955363794 -1.000000000000000
0.885082044222976 0.420638054713672 -1.000000000000000
0.885082044222976 0.606253205469846 -1.000000000000000
0.885082044222976 0.763519689951815 -1.000000000000000
0.885082044222976 0.885082044222976 -1.000000000000000
0.885082044222976 0.965245926503839 -1.000000000000000
0.885082044222976 1.000000000000000 -1.000000000000000
0.965245926503839 -1.000000000000000 -1.000000000000000
0.965245926503839 -0.965245926503839 -1.000000000000000
0.965245926503839 -0.885082044222976 -1.000000000000000
0.965245926503839 -0.763519689951815 -1.000000000000000
0.965245926503839 -0.606253205469846 -1.000000000000000
0.965245926503839 -0.420638054713672 -1.000000000000000
0.965245926503839 -0.215353955363794 -1.000000000000000
0.965245926503839 0.000000000000000 -1.000000000000000
0.965245926503839 0.215353955363794 -1.000000000000000
0.965245926503839 0.420638054713672 -1.000000000000000
0.965245926503839 0.606253205469846 -1.000000000000000
0.965245926503839 0.763519689951815 -1.000000000000000
0.965245926503839 0.885082044222976 -1.000000000000000
0.965245926503839 0.965245926503839 -1.000000000000000
0.965245926503839 1.000000000000000 -1.000000000000000
1.000000000000000 -1.000000000000000 -1.000000000000000
1.000000000000000 -0.965245926503839 -1.000000000000000
1.000000000000000 -0.885082044222976 -1.000000000000000
1.000000000000000 -0.763519689951815 -1.000000000000000
1.000000000000000 -0.606253205469846 -1.000000000000000
1.000000000000000 -0.420638054713672 -1.000000000000000
1.000000000000000 -0.215353955363794 -1.000000000000000
1.000000000000000 0.000000000000000 -1.000000000000000
1.000000000000000 0.215353955363794 -1.000000000000000
1.000000000000000 0.420638054713672 -1.000000000000000
1.000000000000000 0.606253205469846 -1.000000000000000
1.000000000000000 0.763519689951815 -1.000000000000000
1.000000000000000 0.885082044222976 -1.000000000000000
1.000000000000000 0.965245926503839 -1.000000000000000
1.000000000000000 1.000000000000000 -1.000000000000000
-0.982622963251919 -0.982622963251919 -0.965245926503839
-0.982622963251919 -0.943254218709881 -0.965245926503839
-0.982622963251919 -0.852721243027914 -0.965245926503839
-0.982622963251919 -0.716203022660394 -0.965245926503839
-0.982622963251919 -0.541070921789015 -0.965245926503839
-0.982622963251919 -0.336768485568407 -0.965245926503839
-0.982622963251919 -0.114310365723139 -0.965245926503839
-0.982622963251919 0.114310365723139 -0.965245926503839
-0.982622963251919 0.336768485568407 -0.965245926503839
-0.982622963251919 0.541070921789015 -0.965245926503839
-0.982622963251919 0.716203022660394 -0.965245926503839
-0.982622963251919 0.852721243027914 -0.965245926503839
-0.982622963251919 0.943254218709881 -0.965245926503839
-0.982622963251919 0.982622963251919 -0.965245926503839
-0.943254218709881 -0.982622963251919 -0.965245926503839
-0.943254218709881 -0.943254218709881 -0.965245926503839
-0.943254218709881 -0.852721243027914 -0.965245926503839
-0.943254218709881 -0.716203022660394 -0.965245926503839
-0.943254218709881 -0.541070921789015 -0.965245926503839
-0.943254218709881 -0.336768485568407 -0.965245926503839
-0.943254218709881 -0.114310365723139 -0.965245926503839
-0.943254218709881 0.114310365723139 -0.965245926503839
-0.943254218709881 0.336768485568407 -0.965245926503839
-0.943254218709881 0.541070921789015 -0.965245926503839
-0.943254218709881 0.716203022660394 -0.965245926503839
-0.943254218709881 0.852721243027914 -0.965245926503839
-0.943254218709881 0.943254218709881 -0.965245926503839
-0.943254218709881 0.982622963251919 -0.965245926503839
-0.852721243027914 -0.982622963251919 -0.965245926503839
-0.852721243027914 -0.943254218709881 -0.965245926503839
-0.852721243027914 -0.852721243027914 -0.965245926503839
-0.852721243027914 -0.716203022660394 -0.965245926503839
-0.852721243027914 -0.541070921789015 -0.965245926503839
-0.852721243027914 -0.336768485568407 -0.965245926503839
-0.852721243027914 -0.114310365723139 -0.965245926503839
-0.852721243027914 0.114310365723139 -0.965245926503839
-0.852721243027914 0.336768485568407 -0.965245926503839
-0.852721243027914 0.541070921789015 -0.965245926503839
-0.852721243027914 0.716203022660394 -0.965245926503839
-0.852721243027914 0.852721243027914 -0.965245926503839
-0.852721243027914 0.943254218709881 -0.965245926503839
-0.852721243027914 0.982622963251919 -0.965245926503839
-0.716203022660394 -0.982622963251919 -0.965245926503839
-0.716203022660394 -0.943254218709881 -0.965245926503839
-0.716203022660394 -0.852721243027914 -0.965245926503839
-0.716203022660394 -0.716203022660394 -0.965245926503839
-0.716203022660394 -0.541070921789015 -0.965245926503839
-0.716203022660394 -0.336768485568407 -0.965245926503839
-0.716203022660394 -0.114310365723139 -0.965245926503839
-0.716203022660394 0.114310365723139 -0.965245926503839
-0.716203022660394 0.336768485568407 -0.965245926503839
-0.716203022660394 0.541070921789015 -0.965245926503839
-0.716203022660394 0.716203022660394 -0.965245926503839
-0.716203022660394 0.852721243027914 -0.965245926503839
-0.716203022660394 0.943254218709881 -0.965245926503839
-0.716203022660394 0.982622963251919 -0.965245926503839
-0.541070921789015 -0.982622963251919 -0.965245926503839
-0.541070921789015 -0.943254218709881 -0.965245926503839
-0.541070921789015 -0.852721243027914 -0.965245926503839
-0.541070921789015 -0.716203022660394 -0.965245926503839
-0.541070921789015 -0.541070921789015 -0.965245926503839
-0.541070921789015 -0.336768485568407 -0.965245926503839
-0.541070921789015 -0.114310365723139 -0.965245926503839
-0.541070921789015 0.114310365723139 -0.965245926503839
-0.541070921789015 0.336768485568407 -0.965245926503839
-0.541070921789015 0.541070921789015 -0.965245926503839
-0.541070921789015 0.716203022660394 -0.965245926503839
-0.541070921789015 0.852721243027914 -0.965245926503839
-0.541070921789015 0.943254218709881 -0.965245926503839
-0.541070921789015 0.982622963251919 -0.965245926503839
-0.336768485568407 -0.982622963251919 -0.965245926503839
-0.336768485568407 -0.943254218709881 -0.965245926503839
-0.336768485568407 -0.852721243027914 -0.965245926503839
-0.336768485568407 -0.716203022660394 -0.965245926503839
-0.336768485568407 -0.541070921789015 -0.965245926503839
-0.336768485568407 -0.336768485568407 -0.965245926503839
-0.336768485568407 -0.114310365723139 -0.965245926503839
-0.336768485568407 0.114310365723139 -0.965245926503839
-0.336768485568407 0.336768485568407 -0.965245926503839
-0.336768485568407 0.541070921789015 -0.965245926503839
-0.336768485568407 0.716203022660394 -0.965245926503839
-0.336768485568407 0.852721243027914 -0.965245926503839
-0.336768485568407 0.943254218709881 -0.965245926503839
-0.336768485568407 0.982622963251919 -0.965245926503839
-0.114310365723139 -0.982622963251919 -0.965245926503839
-0.114310365723139 -0.943254218709881 -0.965245926503839
-0.114310365723139 -0.852721243027914 -0.965245926503839
-0.114310365723139 -0.716203022660394 -0.965245926503839
-0.114310365723139 -0.541070921789015 -0.965245926503839
-0.114310365723139 -0.336768485568407 -0.965245926503839
-0.114310365723139 -0.114310365723139 -0.965245926503839
-0.114310365723139 0.114310365723139 -0.965245926503839
-0.114310365723139 0.336768485568407 -0.965245926503839
-0.114310365723139 0.541070921789015 -0.965245926503839
-0.114310365723139 0.716203022660394 -0.965245926503839
-0.114310365723139 0.852721243027914 -0.965245926503839
-0.114310365723139 0.943254218709881 -0.965245926503839
-0.114310365723139 0.982622963251919 -0.965245926503839
0.114310365723139 -0.982622963251919 -0.965245926503839
0.114310365723139 -0.943254218709881 -0.965245926503839
0.114310365723139 -0.852721243027914 -0.965245926503839
0.114310365723139 -0.716203022660394 -0.965245926503839
0.114310365723139 -0.541070921789015 -0.965245926503839
0.114310365723139 -0.336768485568407 -0.965245926503839
0.114310365723139 -0.114310365723139 -0.965245926503839
0.114310365723139 0.114310365723139 -0.965245926503839
0.114310365723139 0.336768485568407 -0.965245926503839
0.114310365723139 0.541070921789015 -0.965245926503839
0.114310365723139 0.716203022660394 -0.965245926503839
0.114310365723139 0.852721243027914 -0.965245926503839
0.114310365723139 0.943254218709881 -0.965245926503839
0.114310365723139 0.982622963251919 -0.965245926503839
0.336768485568407 -0.982622963251919 -0.965245926503839
0.336768485568407 -0.943254218709881 -0.965245926503839
0.336768485568407 -0.852721243027914 -0.965245926503839
0.336768485568407 -0.716203022660394 -0.965245926503839
0.336768485568407 -0.541070921789015 -0.965245926503839
0.336768485568407 -0.336768485568407 -0.965245926503839
0.336768485568407 -0.114310365723139 -0.965245926503839
0.336768485568407 0.114310365723139 -0.965245926503839
0.336768485568407 0.336768485568407 -0.965245926503839
0.336768485568407 0.541070921789015 -0.965245926503839
0.336768485568407 0.716203022660394 -0.965245926503839
0.336768485568407 0.852721243027914 -0.965245926503839
0.336768485568407 0.943254218709881 -0.965245926503839
0.336768485568407 0.982622963251919 -0.965245926503839
0.541070921789015 -0.982622963251919 -0.965245926503839
0.541070921789015 -0.943254218709881 -0.965245926503839
0.541070921789015 -0.852721243027914 -0.965245926503839
0.541070921789015 -0.716203022660394 -0.965245926503839
0.541070921789015 -0.541070921789015 -0.965245926503839
0.541070921789015 -0.336768485568407 -0.965245926503839
0.541070921789015 -0.114310365723139 -0.965245926503839
0.541070921789015 0.114310365723139 -0.965245926503839
0.541070921789015 0.336768485568407 -0.965245926503839
0.541070921789015 0.541070921789015 -0.965245926503839
0.541070921789015 0.716203022660394 -0.965245926503839
0.541070921789015 0.852721243027914 -0.965245926503839
0.541070921789015 0.943254218709881 -0.965245926503839
0.541070921789015 0.982622963251919 -0.965245926503839
0.716203022660394 -0.982622963251919 -0.965245926503839
0.716203022660394 -0.943254218709881 -0.965245926503839
0.716203022660394 -0.852721243027914 -0.965245926503839
0.716203022660394 -0.716203022660394 -0.965245926503839
0.716203022660394 -0.541070921789015 -0.965245926503839
0.716203022660394 -0.336768485568407 -0.965245926503839
0.716203022660394 -0.114310365723139 -0.965245926503839
0.716203022660394 0.114310365723139 -0.965245926503839
0.716203022660394 0.336768485568407 -0.965245926503839
0.716203022660394 0.541070921789015 -0.965245926503839
0.716203022660394 0.716203022660394 -0.965245926503839
0.716203022660394 0.852721243027914 -0.965245926503839
0.716203022660394 0.943254218709881 -0.965245926503839
0.716203022660394 0.982622963251919 -0.965245926503839
0.852721243027914 -0.982622963251919 -0.965245926503839
0.852721243027914 -0.943254218709881 -0.965245926503839
0.852721243027914 -0.852721243027914 -0.965245926503839
0.852721243027914 -0.716203022660394 -0.965245926503839
0.852721243027914 -0.541070921789015 -0.965245926503839
0.852721243027914 -0.336768485568407 -0.965245926503839
0.852721243027914 -0.114310365723139 -0.965245926503839
0.852721243027914 0.114310365723139 -0.965245926503839
0.852721243027914 0.336768485568407 -0.965245926503839
0.852721243027914 0.541070921789015 -0.965245926503839
0.852721243027914 0.716203022660394 -0.965245926503839
0.852721243027914 0.852721243027914 -0.965245926503839
0.852721243027914 0.943254218709881 -0.965245926503839
0.852721243027914 0.982622963251919 -0.965245926503839
0.943254218709881 -0.982622963251919 -0.965245926503839
0.943254218709881 -0.943254218709881 -0.965245926503839
0.943254218709881 -0.852721243027914 -0.965245926503839
0.943254218709881 -0.716203022660394 -0.965245926503839
0.943254218709881 -0.541070921789015 -0.965245926503839
0.943254218709881 -0.336768485568407 -0.965245926503839
0.943254218709881 -0.114310365723139 -0.965245926503839
0.943254218709881 0.114310365723139 -0.965245926503839
0.943254218709881 0.336768485568407 -0.965245926503839
0.943254218709881 0.541070921789015 -0.965245926503839
0.943254218709881 0.716203022660394 -0.965245926503839
0.943254218709881 0.852721243027914 -0.965245926503839
0.943254218709881 0.943254218709881 -0.965245926503839
0.943254218709881 0.982622963251919 -0.965245926503839
0.982622963251919 -0.982622963251919 -0.965245926503839
0.982622963251919 -0.943254218709881 -0.965245926503839
0.982622963251919 -0.852721243027914 -0.965245926503839
0.982622963251919 -0.716203022660394 -0.965245926503839
0.982622963251919 -0.541070921789015 -0.965245926503839
0.982622963251919 -0.336768485568407 -0.965245926503839
0.982622963251919 -0.114310365723139 -0.965245926503839
0.982622963251919 0.114310365723139 -0.965245926503839
0.982622963251919 0.336768485568407 -0.965245926503839
0.982622963251919 0.541070921789015 -0.965245926503839
0.982622963251919 0.716203022660394 -0.965245926503839
0.982622963251919 0.852721243027914 -0.965245926503839
0.982622963251919 0.943254218709881 -0.965245926503839
0.982622963251919 0.982622963251919 -0.965245926503839
-0.942541022111488 -0.942541022111488 -0.885082044222976
-0.942541022111488 -0.898533637243051 -0.885082044222976
-0.942541022111488 -0.797717298648545 -0.885082044222976
-0.942541022111488 -0.646760781009437 -0.885082044222976
-0.942541022111488 -0.455162316359104 -0.885082044222976
-0.942541022111488 -0.234963157901371 -0.885082044222976
-0.942541022111488 0.000000000000000 -0.885082044222976
-0.942541022111488 0.234963157901371 -0.885082044222976
-0.942541022111488 0.455162316359104 -0.885082044222976
-0.942541022111488 0.646760781009437 -0.885082044222976
-0.942541022111488 0.797717298648545 -0.885082044222976
-0.942541022111488 0.898533637243051 -0.885082044222976
-0.942541022111488 0.942541022111488 -0.885082044222976
-0.898533637243051 -0.942541022111488 -0.885082044222976
-0.898533637243051 -0.898533637243051 -0.885082044222976
-0.898533637243051 -0.797717298648545 -0.885082044222976
-0.898533637243051 -0.646760781009437 -0.885082044222976
-0.898533637243051 -0.455162316359104 -0.885082044222976
-0.898533637243051 -0.234963157901371 -0.885082044222976
-0.898533637243051 0.000000000000000 -0.885082044222976
-0.898533637243051 0.234963157901371 -0.885082044222976
-0.898533637243051 0.455162316359104 -0.885082044222976
-0.898533637243051 0.646760781009437 -0.885082044222976
-0.898533637243051 0.797717298648545 -0.885082044222976
-0.898533637243051 0.898533637243051 -0.885082044222976
-0.898533637243051 0.942541022111488 -0.885082044222976
-0.797717298648545 -0.942541022111488 -0.885082044222976
-0.797717298648545 -0.898533637243051 -0.885082044222976
-0.797717298648545 -0.797717298648545 -0.885082044222976
-0.797717298648545 -0.646760781009437 -0.885082044222976
-0.797717298648545 -0.455162316359104 -0.885082044222976
-0.797717298648545 -0.234963157901371 -0.885082044222976
-0.797717298648545 0.000000000000000 -0.885082044222976
-0.797717298648545 0.234963157901371 -0.885082044222976
-0.797717298648545 0.455162316359104 -0.885082044222976
-0.797717298648545 0.646760781009437 -0.885082044222976
-0.797717298648545 0.797717298648545 -0.885082044222976
-0.797717298648545 0.898533637243051 -0.885082044222976
-0.797717298648545 0.942541022111488 -0.885082044222976
-0.646760781009437 -0.942541022111488 -0.885082044222976
-0.646760781009437 -0.898533637243051 -0.885082044222976
-0.646760781009437 -0.797717298648545 -0.885082044222976
-0.646760781009437 -0.646760781009437 -0.885082044222976
-0.646760781009437 -0.455162316359104 -0.885082044222976
-0.646760781009437 -0.234963157901371 -0.885082044222976
-0.646760781009437 0.000000000000000 -0.885082044222976
-0.646760781009437 0.234963157901371 -0.885082044222976
-0.646760781009437 0.455162316359104 -0.885082044222976
-0.646760781009437 0.646760781009437 -0.885082044222976
-0.646760781009437 0.797717298648545 -0.885082044222976
-0.646760781009437 0.898533637243051 -0.885082044222976
-0.646760781009437 0.942541022111488 -0.885082044222976
-0.455162316359104 -0.942541022111488 -0.885082044222976
-0.455162316359104 -0.898533637243051 -0.885082044222976
-0.455162316359104 -0.797717298648545 -0.885082044222976
-0.455162316359104 -0.646760781009437 -0.885082044222976
-0.455162316359104 -0.455162316359104 -0.885082044222976
-0.455162316359104 -0.234963157901371 -0.885082044222976
-0.455162316359104 0.000000000000000 -0.885082044222976
-0.455162316359104 0.234963157901371 -0.885082044222976
-0.455162316359104 0.455162316359104 -0.885082044222976
-0.455162316359104 0.646760781009437 -0.885082044222976
-0.455162316359104 0.797717298648545 -0.885082044222976
-0.455162316359104 0.898533637243051 -0.885082044222976
-0.455162316359104 0.942541022111488 -0.885082044222976
-0.234963157901371 -0.942541022111488 -0.885082044222976
-0.234963157901371 -0.898533637243051 -0.885082044222976
-0.234963157901371 -0.797717298648545 -0.885082044222976
-0.234963157901371 -0.646760781009437 -0.885082044222976
-0.234963157901371 -0.455162316359104 -0.885082044222976
-0.234963157901371 -0.234963157901371 -0.885082044222976
-0.234963157901371 0.000000000000000 -0.885082044222976
-0.234963157901371 0.234963157901371 -0.885082044222976
-0.234963157901371 0.455162316359104 -0.885082044222976
-0.234963157901371 0.646760781009437 -0.885082044222976
-0.234963157901371 0.797717298648545 -0.885082044222976
-0.234963157901371 0.898533637243051 -0.885082044222976
-0.234963157901371 0.942541022111488 -0.885082044222976
0.000000000000000 -0.942541022111488 -0.885082044222976
0.000000000000000 -0.898533637243051 -0.885082044222976
0.000000000000000 -0.797717298648545 -0.885082044222976
0.000000000000000 -0.646760781009437 -0.885082044222976
0.000000000000000 -0.455162316359104 -0.885082044222976
0.000000000000000 -0.234963157901371 -0.885082044222976
0.000000000000000 0.000000000000000 -0.885082044222976
0.000000000000000 0.234963157901371 -0.885082044222976
0.000000000000000 0.455162316359104 -0.885082044222976
0.000000000000000 0.646760781009437 -0.885082044222976
0.000000000000000 0.797717298648545 -0.885082044222976
0.000000000000000 0.898533637243051 -0.885082044222976
0.000000000000000 0.942541022111488 -0.885082044222976
0.234963157901371 -0.942541022111488 -0.885082044222976
0.234963157901371 -0.898533637243051 -0.885082044222976
0.234963157901371 -0.797717298648545 -0.885082044222976
0.234963157901371 -0.646760781009437 -0.885082044222976
0.234963157901371 -0.455162316359104 -0.885082044222976
0.234963157901371 -0.234963157901371 -0.885082044222976
0.234963157901371 0.000000000000000 -0.885082044222976
0.234963157901371 0.234963157901371 -0.885082044222976
0.234963157901371 0.455162316359104 -0.885082044222976
0.234963157901371 0.646760781009437 -0.885082044222976
0.234963157901371 0.797717298648545 -0.885082044222976
0.234963157901371 0.898533637243051 -0.885082044222976
0.234963157901371 0.942541022111488 -0.885082044222976
0.455162316359104 -0.942541022111488 -0.885082044222976
0.455162316359104 -0.898533637243051 -0.885082044222976
0.455162316359104 -0.797717298648545 -0.885082044222976
0.455162316359104 -0.646760781009437 -0.885082044222976
0.455162316359104 -0.455162316359104 -0.885082044222976
0.455162316359104 -0.234963157901371 -0.885082044222976
0.455162316359104 0.000000000000000 -0.885082044222976
0.455162316359104 0.234963157901371 -0.885082044222976
0.455162316359104 0.455162316359104 -0.885082044222976
0.455162316359104 0.646760781009437 -0.885082044222976
0.455162316359104 0.797717298648545 -0.885082044222976
0.455162316359104 0.898533637243051 -0.885082044222976
0.455162316359104 0.942541022111488 -0.885082044222976
0.646760781009437 -0.942541022111488 -0.885082044222976
0.646760781009437 -0.898533637243051 -0.885082044222976
0.646760781009437 -0.797717298648545 -0.885082044222976
0.646760781009437 -0.646760781009437 -0.885082044222976
0.646760781009437 -0.455162316359104 -0.885082044222976
0.646760781009437 -0.234963157901371 -0.885082044222976
0.646760781009437 0.000000000000000 -0.885082044222976
0.646760781009437 0.234963157901371 -0.885082044222976
0.646760781009437 0.455162316359104 -0.885082044222976
0.646760781009437 0.646760781009437 -0.885082044222976
0.646760781009437 0.797717298648545 -0.885082044222976
0.646760781009437 0.898533637243051 -0.885082044222976
0.646760781009437 0.942541022111488 -0.885082044222976
0.797717298648545 -0.942541022111488 -0.885082044222976
0.797717298648545 -0.898533637243051 -0.885082044222976
0.797717298648545 -0.797717298648545 -0.885082044222976
0.797717298648545 -0.646760781009437 -0.885082044222976
0.797717298648545 -0.455162316359104 -0.885082044222976
0.797717298648545 -0.234963157901371 -0.885082044222976
0.797717298648545 0.000000000000000 -0.885082044222976
0.797717298648545 0.234963157901371 -0.885082044222976
0.797717298648545 0.455162316359104 -0.885082044222976
0.797717298648545 0.646760781009437 -0.885082044222976
0.797717298648545 0.797717298648545 -0.885082044222976
0.797717298648545 0.898533637243051 -0.885082044222976
0.797717298648545 0.942541022111488 -0.885082044222976
0.898533637243051 -0.942541022111488 -0.885082044222976
0.898533637243051 -0.898533637243051 -0.885082044222976
0.898533637243051 -0.797717298648545 -0.885082044222976
0.898533637243051 -0.646760781009437 -0.885082044222976
0.898533637243051 -0.455162316359104 -0.885082044222976
0.898533637243051 -0.234963157901371 -0.885082044222976
0.898533637243051 0.000000000000000 -0.885082044222976
0.898533637243051 0.234963157901371 -0.885082044222976
0.898533637243051 0.455162316359104 -0.885082044222976
0.898533637243051 0.646760781009437 -0.885082044222976
0.898533637243051 0.797717298648545 -0.885082044222976
0.898533637243051 0.898533637243051 -0.885082044222976
0.898533637243051 0.942541022111488 -0.885082044222976
0.942541022111488 -0.942541022111488 -0.885082044222976
0.942541022111488 -0.898533637243051 -0.885082044222976
0.942541022111488 -0.797717298648545 -0.885082044222976
0.942541022111488 -0.646760781009437 -0.885082044222976
0.942541022111488 -0.455162316359104 -0.885082044222976
0.942541022111488 -0.234963157901371 -0.885082044222976
0.942541022111488 0.000000000000000 -0.885082044222976
0.942541022111488 0.234963157901371 -0.885082044222976
0.942541022111488 0.455162316359104 -0.885082044222976
0.942541022111488 0.646760781009437 -0.885082044222976
0.942541022111488 0.797717298648545 -0.885082044222976
0.942541022111488 0.898533637243051 -0.885082044222976
0.942541022111488 0.942541022111488 -0.885082044222976
-0.881759844975908 -0.881759844975908 -0.763519689951815
-0.881759844975908 -0.833174235793097 -0.763519689951815
-0.881759844975908 -0.722407607644786 -0.763519689951815
-0.881759844975908 -0.558044778586322 -0.763519689951815
-0.881759844975908 -0.352290340568685 -0.763519689951815
-0.881759844975908 -0.120406892905166 -0.763519689951815
-0.881759844975908 0.120406892905166 -0.763519689951815
-0.881759844975908 0.352290340568685 -0.763519689951815
-0.881759844975908 0.558044778586322 -0.763519689951815
-0.881759844975908 0.722407607644786 -0.763519689951815
-0.881759844975908 0.833174235793097 -0.763519689951815
-0.881759844975908 0.881759844975908 -0.763519689951815
-0.833174235793097 -0.881759844975908 -0.763519689951815
-0.833174235793097 -0.833174235793097 -0.763519689951815
-0.833174235793097 -0.722407607644786 -0.763519689951815
-0.833174235793097 -0.558044778586322 -0.763519689951815
-0.833174235793097 -0.352290340568685 -0.763519689951815
-0.833174235793097 -0.120406892905166 -0.763519689951815
-0.833174235793097 0.120406892905166 -0.763519689951815
-0.833174235793097 0.352290340568685 -0.763519689951815
-0.833174235793097 0.558044778586322 -0.763519689951815
-0.833174235793097 0.722407607644786 -0.763519689951815
-0.833174235793097 0.833174235793097 -0.763519689951815
-0.833174235793097 0.881759844975908 -0.763519689951815
-0.722407607644786 -0.881759844975908 -0.763519689951815
-0.722407607644786 -0.833174235793097 -0.763519689951815
-0.722407607644786 -0.722407607644786 -0.763519689951815
-0.722407607644786 -0.558044778586322 -0.763519689951815
-0.722407607644786 -0.352290340568685 -0.763519689951815
-0.722407607644786 -0.120406892905166 -0.763519689951815
-0.722407607644786 0.120406892905166 -0.763519689951815
-0.722407607644786 0.352290340568685 -0.763519689951815
-0.722407607644786 0.558044778586322 -0.763519689951815
-0.722407607644786 0.722407607644786 -0.763519689951815
-0.722407607644786 0.833174235793097 -0.763519689951815
-0.722407607644786 0.881759844975908 -0.763519689951815
-0.558044778586322 -0.881759844975908 -0.763519689951815
-0.558044778586322 -0.833174235793097 -0.763519689951815
-0.558044778586322 -0.722407607644786 -0.763519689951815
-0.558044778586322 -0.558044778586322 -0.763519689951815
-0.558044778586322 -0.352290340568685 -0.763519689951815
-0.558044778586322 -0.120406892905166 -0.763519689951815
-0.558044778586322 0.120406892905166 -0.763519689951815
-0.558044778586322 0.352290340568685 -0.763519689951815
-0.558044778586322 0.558044778586322 -0.763519689951815
-0.558044778586322 0.722407607644786 -0.763519689951815
-0.558044778586322 0.833174235793097 -0.763519689951815
-0.558044778586322 0.881759844975908 -0.763519689951815
-0.352290340568685 -0.881759844975908 -0.763519689951815
-0.352290340568685 -0.833174235793097 -0.763519689951815
-0.352290340568685 -0.722407607644786 -0.763519689951815
-0.352290340568685 -0.558044778586322 -0.763519689951815
-0.352290340568685 -0.352290340568685 -0.763519689951815
-0.352290340568685 -0.120406892905166 -0.763519689951815
-0.352290340568685 0.120406892905166 -0.763519689951815
-0.352290340568685 0.352290340568685 -0.763519689951815
-0.352290340568685 0.558044778586322 -0.763519689951815
-0.352290340568685 0.722407607644786 -0.763519689951815
-0.352290340568685 0.833174235793097 -0.763519689951815
-0.352290340568685 0.881759844975908 -0.763519689951815
-0.120406892905166 -0.881759844975908 -0.763519689951815
-0.120406892905166 -0.833174235793097 -0.763519689951815
-0.120406892905166 -0.722407607644786 -0.763519689951815
-0.120406892905166 -0.558044778586322 -0.763519689951815
-0.120406892905166 -0.352290340568685 -0.763519689951815
-0.120406892905166 -0.120406892905166 -0.763519689951815
-0.120406892905166 0.120406892905166 -0.763519689951815
-0.120406892905166 0.352290340568685 -0.763519689951815
-0.120406892905166 0.558044778586322 -0.763519689951815
-0.120406892905166 0.722407607644786 -0.763519689951815
-0.120406892905166 0.833174235793097 -0.763519689951815
-0.120406892905166 0.881759844975908 -0.763519689951815
0.120406892905166 -0.881759844975908 -0.763519689951815
0.120406892905166 -0.833174235793097 -0.763519689951815
0.120406892905166 -0.722407607644786 -0.763519689951815
0.120406892905166 -0.558044778586322 -0.763519689951815
0.120406892905166 -0.352290340568685 -0.763519689951815
0.120406892905166 -0.120406892905166 -0.763519689951815
0.120406892905166 0.120406892905166 -0.763519689951815
0.120406892905166 0.352290340568685 -0.763519689951815
0.120406892905166 0.558044778586322 -0.763519689951815
0.120406892905166 0.722407607644786 -0.763519689951815
0.120406892905166 0.833174235793097 -0.763519689951815
0.120406892905166 0.881759844975908 -0.763519689951815
0.352290340568685 -0.881759844975908 -0.763519689951815
0.352290340568685 -0.833174235793097 -0.763519689951815
0.352290340568685 -0.722407607644786 -0.763519689951815
0.352290340568685 -0.558044778586322 -0.763519689951815
0.352290340568685 -0.352290340568685 -0.763519689951815
0.352290340568685 -0.120406892905166 -0.763519689951815
0.352290340568685 0.120406892905166 -0.763519689951815
0.352290340568685 0.352290340568685 -0.763519689951815
0.352290340568685 0.558044778586322 -0.763519689951815
0.352290340568685 0.722407607644786 -0.763519689951815
0.352290340568685 0.833174235793097 -0.763519689951815
0.352290340568685 0.881759844975908 -0.763519689951815
0.558044778586322 -0.881759844975908 -0.763519689951815
0.558044778586322 -0.833174235793097 -0.763519689951815
0.558044778586322 -0.722407607644786 -0.763519689951815
0.558044778586322 -0.558044778586322 -0.763519689951815
0.558044778586322 -0.352290340568685 -0.763519689951815
0.558044778586322 -0.120406892905166 -0.763519689951815
0.558044778586322 0.120406892905166 -0.763519689951815
0.558044778586322 0.352290340568685 -0.763519689951815
0.558044778586322 0.558044778586322 -0.763519689951815
0.558044778586322 0.722407607644786 -0.763519689951815
0.558044778586322 0.833174235793097 -0.763519689951815
0.558044778586322 0.881759844975908 -0.763519689951815
0.722407607644786 -0.881759844975908 -0.763519689951815
0.722407607644786 -0.833174235793097 -0.763519689951815
0.722407607644786 -0.722407607644786 -0.763519689951815
0.722407607644786 -0.558044778586322 -0.763519689951815
0.722407607644786 -0.352290340568685 -0.763519689951815
0.722407607644786 -0.120406892905166 -0.763519689951815
0.722407607644786 0.120406892905166 -0.763519689951815
0.722407607644786 0.352290340568685 -0.763519689951815
0.722407607644786 0.558044778586322 -0.763519689951815
0.722407607644786 0.722407607644786 -0.763519689951815
0.722407607644786 0.833174235793097 -0.763519689951815
0.722407607644786 0.881759844975908 -0.763519689951815
0.833174235793097 -0.881759844975908 -0.763519689951815
0.833174235793097 -0.833174235793097 -0.763519689951815
0.833174235793097 -0.722407607644786 -0.763519689951815
0.833174235793097 -0.558044778586322 -0.763519689951815
0.833174235793097 -0.352290340568685 -0.763519689951815
0.833174235793097 -0.120406892905166 -0.763519689951815
0.833174235793097 0.120406892905166 -0.763519689951815
0.833174235793097 0.352290340568685 -0.763519689951815
0.833174235793097 0.558044778586322 -0.763519689951815
0.833174235793097 0.722407607644786 -0.763519689951815
0.833174235793097 0.833174235793097 -0.763519689951815
0.833174235793097 0.881759844975908 -0.763519689951815
0.881759844975908 -0.881759844975908 -0.763519689951815
0.881759844975908 -0.833174235793097 -0.763519689951815
0.881759844975908 -0.722407607644786 -0.763519689951815
0.881759844975908 -0.558044778586322 -0.763519689951815
0.881759844975908 -0.352290340568685 -0.763519689951815
0.881759844975908 -0.120406892905166 -0.763519689951815
0.881759844975908 0.120406892905166 -0.763519689951815
0.881759844975908 0.352290340568685 -0.763519689951815
0.881759844975908 0.558044778586322 -0.763519689951815
0.881759844975908 0.722407607644786 -0.763519689951815
0.881759844975908 0.833174235793097 -0.763519689951815
0.881759844975908 0.881759844975908 -0.763519689951815
-0.803126602734923 -0.803126602734923 -0.606253205469846
-0.803126602734923 -0.750121395753183 -0.606253205469846
-0.803126602734923 -0.630039547104773 -0.606253205469846
-0.803126602734923 -0.453955527916225 -0.606253205469846
-0.803126602734923 -0.237531226665153 -0.606253205469846
-0.803126602734923 0.000000000000000 -0.606253205469846
-0.803126602734923 0.237531226665153 -0.606253205469846
-0.803126602734923 0.453955527916225 -0.606253205469846
-0.803126602734923 0.630039547104773 -0.606253205469846
-0.803126602734923 0.750121395753183 -0.606253205469846
-0.803126602734923 0.803126602734923 -0.606253205469846
-0.750121395753183 -0.803126602734923 -0.606253205469846
-0.750121395753183 -0.750121395753183 -0.606253205469846
-0.750121395753183 -0.630039547104773 -0.606253205469846
-0.750121395753183 -0.453955527916225 -0.606253205469846
-0.750121395753183 -0.237531226665153 -0.606253205469846
-0.750121395753183 0.000000000000000 -0.606253205469846
-0.750121395753183 0.237531226665153 -0.606253205469846
-0.750121395753183 0.453955527916225 -0.606253205469846
-0.750121395753183 0.630039547104773 -0.606253205469846
-0.750121395753183 0.750121395753183 -0.606253205469846
-0.750121395753183 0.803126602734923 -0.606253205469846
-0.630039547104773 -0.803126602734923 -0.606253205469846
-0.630039547104773 -0.750121395753183 -0.606253205469846
-0.630039547104773 -0.630039547104773 -0.606253205469846
-0.630039547104773 -0.453955527916225 -0.606253205469846
-0.630039547104773 -0.237531226665153 -0.606253205469846
-0.630039547104773 0.000000000000000 -0.606253205469846
-0.630039547104773 0.237531226665153 -0.606253205469846
-0.630039547104773 0.453955527916225 -0.606253205469846
-0.630039547104773 0.630039547104773 -0.606253205469846
-0.630039547104773 0.750121395753183 -0.606253205469846
-0.630039547104773 0.803126602734923 -0.606253205469846
-0.453955527916225 -0.803126602734923 -0.606253205469846
-0.453955527916225 -0.750121395753183 -0.606253205469846
-0.453955527916225 -0.630039547104773 -0.606253205469846
-0.453955527916225 -0.453955527916225 -0.606253205469846
-0.453955527916225 -0.237531226665153 -0.606253205469846
-0.453955527916225 0.000000000000000 -0.606253205469846
-0.453955527916225 0.237531226665153 -0.606253205469846
-0.453955527916225 0.453955527916225 -0.606253205469846
-0.453955527916225 0.630039547104773 -0.606253205469846
-0.453955527916225 0.750121395753183 -0.606253205469846
-0.453955527916225 0.803126602734923 -0.606253205469846
-0.237531226665153 -0.803126602734923 -0.606253205469846
-0.237531226665153 -0.750121395753183 -0.606253205469846
-0.237531226665153 -0.630039547104773 -0.606253205469846
-0.237531226665153 -0.453955527916225 -0.606253205469846
-0.237531226665153 -0.237531226665153 -0.606253205469846
-0.237531226665153 0.000000000000000 -0.606253205469846
-0.237531226665153 0.237531226665153 -0.606253205469846
-0.237531226665153 0.453955527916225 -0.606253205469846
-0.237531226665153 0.630039547104773 -0.606253205469846
-0.237531226665153 0.750121395753183 -0.606253205469846
-0.237531226665153 0.803126602734923 -0.606253205469846
0.000000000000000 -0.803126602734923 -0.606253205469846
0.000000000000000 -0.750121395753183 -0.606253205469846
0.000000000000000 -0.630039547104773 -0.606253205469846
0.000000000000000 -0.453955527916225 -0.606253205469846
0.000000000000000 -0.237531226665153 -0.606253205469846
0.000000000000000 0.000000000000000 -0.606253205469846
0.000000000000000 0.237531226665153 -0.606253205469846
0.000000000000000 0.453955527916225 -0.606253205469846
0.000000000000000 0.630039547104773 -0.606253205469846
0.000000000000000 0.750121395753183 -0.606253205469846
0.000000000000000 0.803126602734923 -0.606253205469846
0.237531226665153 -0.803126602734923 -0.606253205469846
0.237531226665153 -0.750121395753183 -0.606253205469846
0.237531226665153 -0.630039547104773 -0.606253205469846
0.237531226665153 -0.453955527916225 -0.606253205469846
0.237531226665153 -0.237531226665153 -0.606253205469846
0.237531226665153 0.000000000000000 -0.606253205469846
0.237531226665153 0.237531226665153 -0.606253205469846
0.237531226665153 0.453955527916225 -0.606253205469846
0.237531226665153 0.630039547104773 -0.606253205469846
0.237531226665153 0.750121395753183 -0.606253205469846
0.237531226665153 0.803126602734923 -0.606253205469846
0.453955527916225 -0.803126602734923 -0.606253205469846
0.453955527916225 -0.750121395753183 -0.606253205469846
0.453955527916225 -0.630039547104773 -0.606253205469846
0.453955527916225 -0.453955527916225 -0.606253205469846
0.453955527916225 -0.237531226665153 -0.606253205469846
0.453955527916225 0.000000000000000 -0.606253205469846
0.453955527916225 0.237531226665153 -0.606253205469846
0.453955527916225 0.453955527916225 -0.606253205469846
0.453955527916225 0.630039547104773 -0.606253205469846
0.453955527916225 0.750121395753183 -0.606253205469846
0.453955527916225 0.803126602734923 -0.606253205469846
0.630039547104773 -0.803126602734923 -0.606253205469846
0.630039547104773 -0.750121395753183 -0.606253205469846
0.630039547104773 -0.630039547104773 -0.606253205469846
0.630039547104773 -0.453955527916225 -0.606253205469846
0.630039547104773 -0.237531226665153 -0.606253205469846
0.630039547104773 0.000000000000000 -0.606253205469846
0.630039547104773 0.237531226665153 -0.606253205469846
0.630039547104773 0.453955527916225 -0.606253205469846
0.630039547104773 0.630039547104773 -0.606253205469846
0.630039547104773 0.750121395753183 -0.606253205469846
0.630039547104773 0.803126602734923 -0.606253205469846
0.750121395753183 -0.803126602734923 -0.606253205469846
0.750121395753183 -0.750121395753183 -0.606253205469846
0.750121395753183 -0.630039547104773 -0.606253205469846
0.750121395753183 -0.453955527916225 -0.606253205469846
0.750121395753183 -0.237531226665153 -0.606253205469846
0.750121395753183 0.000000000000000 -0.606253205469846
0.750121395753183 0.237531226665153 -0.606253205469846
0.750121395753183 0.453955527916225 -0.606253205469846
0.750121395753183 0.630039547104773 -0.606253205469846
0.750121395753183 0.750121395753183 -0.606253205469846
0.750121395753183 0.803126602734923 -0.606253205469846
0.803126602734923 -0.803126602734923 -0.606253205469846
0.803126602734923 -0.750121395753183 -0.606253205469846
0.803126602734923 -0.630039547104773 -0.606253205469846
0.803126602734923 -0.453955527916225 -0.606253205469846
0.803126602734923 -0.237531226665153 -0.606253205469846
0.803126602734923 0.000000000000000 -0.606253205469846
0.803126602734923 0.237531226665153 -0.606253205469846
0.803126602734923 0.453955527916225 -0.606253205469846
0.803126602734923 0.630039547104773 -0.606253205469846
0.803126602734923 0.750121395753183 -0.606253205469846
0.803126602734923 0.803126602734923 -0.606253205469846
-0.710319027356836 -0.710319027356836 -0.420638054713672
-0.710319027356836 -0.653162431270430 -0.420638054713672
-0.710319027356836 -0.524765133298393 -0.420638054713672
-0.710319027356836 -0.339479185498920 -0.420638054713672
-0.710319027356836 -0.117400788452140 -0.420638054713672
-0.710319027356836 0.117400788452140 -0.420638054713672
-0.710319027356836 0.339479185498920 -0.420638054713672
-0.710319027356836 0.524765133298393 -0.420638054713672
-0.710319027356836 0.653162431270430 -0.420638054713672
-0.710319027356836 0.710319027356836 -0.420638054713672
-0.653162431270430 -0.710319027356836 -0.420638054713672
-0.653162431270430 -0.653162431270430 -0.420638054713672
-0.653162431270430 -0.524765133298393 -0.420638054713672
-0.653162431270430 -0.339479185498920 -0.420638054713672
-0.653162431270430 -0.117400788452140 -0.420638054713672
-0.653162431270430 0.117400788452140 -0.420638054713672
-0.653162431270430 0.339479185498920 -0.420638054713672
-0.653162431270430 0.524765133298393 -0.420638054713672
-0.653162431270430 0.653162431270430 -0.420638054713672
-0.653162431270430 0.710319027356836 -0.420638054713672
-0.524765133298393 -0.710319027356836 -0.420638054713672
-0.524765133298393 -0.653162431270430 -0.420638054713672
-0.524765133298393 -0.524765133298393 -0.420638054713672
-0.524765133298393 -0.339479185498920 -0.420638054713672
-0.524765133298393 -0.117400788452140 -0.420638054713672
-0.524765133298393 0.117400788452140 -0.420638054713672
-0.524765133298393 0.339479185498920 -0.420638054713672
-0.524765133298393 0.524765133298393 -0.420638054713672
-0.524765133298393 0.653162431270430 -0.420638054713672
-0.524765133298393 0.710319027356836 -0.420638054713672
-0.339479185498920 -0.710319027356836 -0.420638054713672
-0.339479185498920 -0.653162431270430 -0.420638054713672
-0.339479185498920 -0.524765133298393 -0.420638054713672
-0.339479185498920 -0.339479185498920 -0.420638054713672
-0.339479185498920 -0.117400788452140 -0.420638054713672
-0.339479185498920 0.117400788452140 -0.420638054713672
-0.339479185498920 0.339479185498920 -0.420638054713672
-0.339479185498920 0.524765133298393 -0.420638054713672
-0.339479185498920 0.653162431270430 -0.420638054713672
-0.339479185498920 0.710319027356836 -0.420638054713672
-0.117400788452140 -0.710319027356836 -0.420638054713672
-0.117400788452140 -0.653162431270430 -0.420638054713672
-0.117400788452140 -0.524765133298393 -0.420638054713672
-0.117400788452140 -0.339479185498920 -0.420638054713672
-0.117400788452140 -0.117400788452140 -0.420638054713672
-0.117400788452140 0.117400788452140 -0.420638054713672
-0.117400788452140 0.339479185498920 -0.420638054713672
-0.117400788452140 0.524765133298393 -0.420638054713672
-0.117400788452140 0.653162431270430 -0.420638054713672
-0.117400788452140 0.710319027356836 -0.420638054713672
0.117400788452140 -0.710319027356836 -0.420638054713672
0.117400788452140 -0.653162431270430 -0.420638054713672
0.117400788452140 -0.524765133298393 -0.420638054713672
0.117400788452140 -0.339479185498920 -0.420638054713672
0.117400788452140 -0.117400788452140 -0.420638054713672
0.117400788452140 0.117400788452140 -0.420638054713672
0.117400788452140 0.339479185498920 -0.420638054713672
0.117400788452140 0.524765133298393 -0.420638054713672
0.117400788452140 0.653162431270430 -0.420638054713672
0.117400788452140 0.710319027356836 -0.420638054713672
0.339479185498920 -0.710319027356836 -0.420638054713672
0.339479185498920 -0.653162431270430 -0.420638054713672
0.339479185498920 -0.524765133298393 -0.420638054713672
0.339479185498920 -0.339479185498920 -0.420638054713672
0.339479185498920 -0.117400788452140 -0.420638054713672
0.339479185498920 0.117400788452140 -0.420638054713672
0.339479185498920 0.339479185498920 -0.420638054713672
0.339479185498920 0.524765133298393 -0.420638054713672
0.339479185498920 0.653162431270430 -0.420638054713672
0.339479185498920 0.710319027356836 -0.420638054713672
0.524765133298393 -0.710319027356836 -0.420638054713672
0.524765133298393 -0.653162431270430 -0.420638054713672
0.524765133298393 -0.524765133298393 -0.420638054713672
0.524765133298393 -0.339479185498920 -0.420638054713672
0.524765133298393 -0.117400788452140 -0.420638054713672
0.524765133298393 0.117400788452140 -0.420638054713672
0.524765133298393 0.339479185498920 -0.420638054713672
0.524765133298393 0.524765133298393 -0.420638054713672
0.524765133298393 0.653162431270430 -0.420638054713672
0.524765133298393 0.710319027356836 -0.420638054713672
0.653162431270430 -0.710319027356836 -0.420638054713672
0.653162431270430 -0.653162431270430 -0.420638054713672
0.653162431270430 -0.524765133298393 -0.420638054713672
0.653162431270430 -0.339479185498920 -0.420638054713672
0.653162431270430 -0.117400788452140 -0.420638054713672
0.653162431270430 0.117400788452140 -0.420638054713672
0.653162431270430 0.339479185498920 -0.420638054713672
0.653162431270430 0.524765133298393 -0.420638054713672
0.653162431270430 0.653162431270430 -0.420638054713672
0.653162431270430 0.710319027356836 -0.420638054713672
0.710319027356836 -0.710319027356836 -0.420638054713672
0.710319027356836 -0.653162431270430 -0.420638054713672
0.710319027356836 -0.524765133298393 -0.420638054713672
0.710319027356836 -0.339479185498920 -0.420638054713672
0.710319027356836 -0.117400788452140 -0.420638054713672
0.710319027356836 0.117400788452140 -0.420638054713672
0.710319027356836 0.339479185498920 -0.420638054713672
0.710319027356836 0.524765133298393 -0.420638054713672
0.710319027356836 0.653162431270430 -0.420638054713672
0.710319027356836 0.710319027356836 -0.420638054713672
-0.607676977681897 -0.607676977681897 -0.215353955363794
-0.607676977681897 -0.546762219296758 -0.215353955363794
-0.607676977681897 -0.411510511660733 -0.215353955363794
-0.607676977681897 -0.220658122961408 -0.215353955363794
-0.607676977681897 0.000000000000000 -0.215353955363794
-0.607676977681897 0.220658122961408 -0.215353955363794
-0.607676977681897 0.411510511660733 -0.215353955363794
-0.607676977681897 0.546762219296758 -0.215353955363794
-0.607676977681897 0.607676977681897 -0.215353955363794
-0.546762219296758 -0.607676977681897 -0.215353955363794
-0.546762219296758 -0.546762219296758 -0.215353955363794
-0.546762219296758 -0.411510511660733 -0.215353955363794
-0.546762219296758 -0.220658122961408 -0.215353955363794
-0.546762219296758 0.000000000000000 -0.215353955363794
-0.546762219296758 0.220658122961408 -0.215353955363794
-0.546762219296758 0.411510511660733 -0.215353955363794
-0.546762219296758 0.546762219296758 -0.215353955363794
-0.546762219296758 0.607676977681897 -0.215353955363794
-0.411510511660733 -0.607676977681897 -0.215353955363794
-0.411510511660733 -0.546762219296758 -0.215353955363794
-0.411510511660733 -0.411510511660733 -0.215353955363794
-0.411510511660733 -0.220658122961408 -0.215353955363794
-0.411510511660733 0.000000000000000 -0.215353955363794
-0.411510511660733 0.220658122961408 -0.215353955363794
-0.411510511660733 0.411510511660733 -0.215353955363794
-0.411510511660733 0.546762219296758 -0.215353955363794
-0.411510511660733 0.607676977681897 -0.215353955363794
-0.220658122961408 -0.607676977681897 -0.215353955363794
-0.220658122961408 -0.546762219296758 -0.215353955363794
-0.220658122961408 -0.411510511660733 -0.215353955363794
-0.220658122961408 -0.220658122961408 -0.215353955363794
-0.220658122961408 0.000000000000000 -0.215353955363794
-0.220658122961408 0.220658122961408 -0.215353955363794
-0.220658122961408 0.411510511660733 -0.215353955363794
-0.220658122961408 0.546762219296758 -0.215353955363794
-0.220658122961408 0.607676977681897 -0.215353955363794
0.000000000000000 -0.607676977681897 -0.215353955363794
0.000000000000000 -0.546762219296758 -0.215353955363794
0.000000000000000 -0.411510511660733 -0.215353955363794
0.000000000000000 -0.220658122961408 -0.215353955363794
0.000000000000000 0.000000000000000 -0.215353955363794
0.000000000000000 0.220658122961408 -0.215353955363794
0.000000000000000 0.411510511660733 -0.215353955363794
0.000000000000000 0.546762219296758 -0.215353955363794
0.000000000000000 0.607676977681897 -0.215353955363794
0.220658122961408 -0.607676977681897 -0.215353955363794
0.220658122961408 -0.546762219296758 -0.215353955363794
0.220658122961408 -0.411510511660733 -0.215353955363794
0.220658122961408 -0.220658122961408 -0.215353955363794
0.220658122961408 0.000000000000000 -0.215353955363794
0.220658122961408 0.220658122961408 -0.215353955363794
0.220658122961408 0.411510511660733 -0.215353955363794
0.220658122961408 0.546762219296758 -0.215353955363794
0.220658122961408 0.607676977681897 -0.215353955363794
0.411510511660733 -0.607676977681897 -0.215353955363794
0.411510511660733 -0.546762219296758 -0.215353955363794
0.411510511660733 -0.411510511660733 -0.215353955363794
0.411510511660733 -0.220658122961408 -0.215353955363794
0.411510511660733 0.000000000000000 -0.215353955363794
0.411510511660733 0.220658122961408 -0.215353955363794
0.411510511660733 0.411510511660733 -0.215353955363794
0.411510511660733 0.546762219296758 -0.215353955363794
0.411510511660733 0.607676977681897 -0.215353955363794
0.546762219296758 -0.607676977681897 -0.215353955363794
0.546762219296758 -0.546762219296758 -0.215353955363794
0.546762219296758 -0.411510511660733 -0.215353955363794
0.546762219296758 -0.220658122961408 -0.215353955363794
0.546762219296758 0.000000000000000 -0.215353955363794
0.546762219296758 0.220658122961408 -0.215353955363794
0.546762219296758 0.411510511660733 -0.215353955363794
0.546762219296758 0.546762219296758 -0.215353955363794
0.546762219296758 0.607676977681897 -0.215353955363794
0.607676977681897 -0.607676977681897 -0.215353955363794
0.607676977681897 -0.546762219296758 -0.215353955363794
0.607676977681897 -0.411510511660733 -0.215353955363794
0.607676977681897 -0.220658122961408 -0.215353955363794
0.607676977681897 0.000000000000000 -0.215353955363794
0.607676977681897 0.220658122961408 -0.215353955363794
0.607676977681897 0.411510511660733 -0.215353955363794
0.607676977681897 0.546762219296758 -0.215353955363794
0.607676977681897 0.607676977681897 -0.215353955363794
-0.500000000000000 -0.500000000000000 0.000000000000000
-0.500000000000000 -0.435870074254803 0.000000000000000
-0.500000000000000 -0.295850090716571 0.000000000000000
-0.500000000000000 -0.104649608951239 0.000000000000000
-0.500000000000000 0.104649608951239 0.000000000000000
-0.500000000000000 0.295850090716571 0.000000000000000
-0.500000000000000 0.435870074254803 0.000000000000000
-0.500000000000000 0.500000000000000 0.000000000000000
-0.435870074254803 -0.500000000000000 0.000000000000000
-0.435870074254803 -0.435870074254803 0.000000000000000
-0.435870074254803 -0.295850090716571 0.000000000000000
-0.435870074254803 -0.104649608951239 0.000000000000000
-0.435870074254803 0.104649608951239 0.000000000000000
-0.435870074254803 0.295850090716571 0.000000000000000
-0.435870074254803 0.435870074254803 0.000000000000000
-0.435870074254803 0.500000000000000 0.000000000000000
-0.295850090716571 -0.500000000000000 0.000000000000000
-0.295850090716571 -0.435870074254803 0.000000000000000
-0.295850090716571 -0.295850090716571 0.000000000000000
-0.295850090716571 -0.104649608951239 0.000000000000000
-0.295850090716571 0.104649608951239 0.000000000000000
-0.295850090716571 0.295850090716571 0.000000000000000
-0.295850090716571 0.435870074254803 0.000000000000000
-0.295850090716571 0.500000000000000 0.000000000000000
-0.104649608951239 -0.500000000000000 0.000000000000000
-0.104649608951239 -0.435870074254803 0.000000000000000
-0.104649608951239 -0.295850090716571 0.000000000000000
-0.104649608951239 -0.104649608951239 0.000000000000000
-0.104649608951239 0.104649608951239 0.000000000000000
-0.104649608951239 0.295850090716571 0.000000000000000
-0.104649608951239 0.435870074254803 0.000000000000000
-0.104649608951239 0.500000000000000 0.000000000000000
0.104649608951239 -0.500000000000000 0.000000000000000
0.104649608951239 -0.435870074254803 0.000000000000000
0.104649608951239 -0.295850090716571 0.000000000000000
0.104649608951239 -0.104649608951239 0.000000000000000
0.104649608951239 0.104649608951239 0.000000000000000
0.104649608951239 0.295850090716571 0.000000000000000
0.104649608951239 0.435870074254803 0.000000000000000
0.104649608951239 0.500000000000000 0.000000000000000
0.295850090716571 -0.500000000000000 0.000000000000000
0.295850090716571 -0.435870074254803 0.000000000000000
0.295850090716571 -0.295850090716571 0.000000000000000
0.295850090716571 -0.104649608951239 0.000000000000000
0.295850090716571 0.104649608951239 0.000000000000000
0.295850090716571 0.295850090716571 0.000000000000000
0.295850090716571 0.435870074254803 0.000000000000000
0.295850090716571 0.500000000000000 0.000000000000000
0.435870074254803 -0.500000000000000 0.000000000000000
0.435870074254803 -0.435870074254803 0.000000000000000
0.435870074254803 -0.295850090716571 0.000000000000000
0.435870074254803 -0.104649608951239 0.000000000000000
0.435870074254803 0.104649608951239 0.000000000000000
0.435870074254803 0.295850090716571 0.000000000000000
0.435870074254803 0.435870074254803 0.000000000000000
0.435870074254803 0.500000000000000 0.000000000000000
0.500000000000000 -0.500000000000000 0.000000000000000
0.500000000000000 -0.435870074254803 0.000000000000000
0.500000000000000 -0.295850090716571 0.000000000000000
0.500000000000000 -0.104649608951239 0.000000000000000
0.500000000000000 0.104649608951239 0.000000000000000
0.500000000000000 0.295850090716571 0.000000000000000
0.500000000000000 0.435870074254803 0.000000000000000
0.500000000000000 0.500000000000000 0.000000000000000
-0.392323022318103 -0.392323022318103 0.215353955363794
-0.392323022318103 -0.325715948188719 0.215353955363794
-0.392323022318103 -0.183940175664627 0.215353955363794
-0.392323022318103 0.000000000000000 0.215353955363794
-0.392323022318103 0.183940175664627 0.215353955363794
-0.392323022318103 0.325715948188719 0.215353955363794
-0.392323022318103 0.392323022318103 0.215353955363794
-0.325715948188719 -0.392323022318103 0.215353955363794
-0.325715948188719 -0.325715948188719 0.215353955363794
-0.325715948188719 -0.183940175664627 0.215353955363794
-0.325715948188719 0.000000000000000 0.215353955363794
-0.325715948188719 0.183940175664627 0.215353955363794
-0.325715948188719 0.325715948188719 0.215353955363794
-0.325715948188719 0.392323022318103 0.215353955363794
-0.183940175664627 -0.392323022318103 0.215353955363794
-0.183940175664627 -0.325715948188719 0.215353955363794
-0.183940175664627 -0.183940175664627 0.215353955363794
-0.183940175664627 0.000000000000000 0.215353955363794
-0.183940175664627 0.183940175664627 0.215353955363794
-0.183940175664627 0.325715948188719 0.215353955363794
-0.183940175664627 0.392323022318103 0.215353955363794
0.000000000000000 -0.392323022318103 0.215353955363794
0.000000000000000 -0.325715948188719 0.215353955363794
0.000000000000000 -0.183940175664627 0.215353955363794
0.000000000000000 0.000000000000000 0.215353955363794
0.000000000000000 0.183940175664627 0.215353955363794
0.000000000000000 0.325715948188719 0.215353955363794
0.000000000000000 0.392323022318103 0.215353955363794
0.183940175664627 -0.392323022318103 0.215353955363794
0.183940175664627 -0.325715948188719 0.215353955363794
0.183940175664627 -0.183940175664627 0.215353955363794
0.183940175664627 0.000000000000000 0.215353955363794
0.183940175664627 0.183940175664627 0.215353955363794
0.183940175664627 0.325715948188719 0.215353955363794
0.183940175664627 0.392323022318103 0.215353955363794
0.325715948188719 -0.392323022318103 0.215353955363794
0.325715948188719 -0.325715948188719 0.215353955363794
0.325715948188719 -0.183940175664627 0.215353955363794
0.325715948188719 0.000000000000000 0.215353955363794
0.325715948188719 0.183940175664627 0.215353955363794
0.325715948188719 0.325715948188719 0.215353955363794
0.325715948188719 0.392323022318103 0.215353955363794
0.392323022318103 -0.392323022318103 0.215353955363794
0.392323022318103 -0.325715948188719 0.215353955363794
0.392323022318103 -0.183940175664627 0.215353955363794
0.392323022318103 0.000000000000000 0.215353955363794
0.392323022318103 0.183940175664627 0.215353955363794
0.392323022318103 0.325715948188719 0.215353955363794
0.392323022318103 0.392323022318103 0.215353955363794
-0.289680972643164 -0.289680972643164 0.420638054713672
-0.289680972643164 -0.221621970361718 0.420638054713672
-0.289680972643164 -0.082626143122598 0.420638054713672
-0.289680972643164 0.082626143122598 0.420638054713672
-0.289680972643164 0.221621970361718 0.420638054713672
-0.289680972643164 0.289680972643164 0.420638054713672
-0.221621970361718 -0.289680972643164 0.420638054713672
-0.221621970361718 -0.221621970361718 0.420638054713672
-0.221621970361718 -0.082626143122598 0.420638054713672
-0.221621970361718 0.082626143122598 0.420638054713672
-0.221621970361718 0.221621970361718 0.420638054713672
-0.221621970361718 0.289680972643164 0.420638054713672
-0.082626143122598 -0.289680972643164 0.420638054713672
-0.082626143122598 -0.221621970361718 0.420638054713672
-0.082626143122598 -0.082626143122598 0.420638054713672
-0.082626143122598 0.082626143122598 0.420638054713672
-0.082626143122598 0.221621970361718 0.420638054713672
-0.082626143122598 0.289680972643164 0.420638054713672
0.082626143122598 -0.289680972643164 0.420638054713672
0.082626143122598 -0.221621970361718 0.420638054713672
0.082626143122598 -0.082626143122598 0.420638054713672
0.082626143122598 0.082626143122598 0.420638054713672
0.082626143122598 0.221621970361718 0.420638054713672
0.082626143122598 0.289680972643164 0.420638054713672
0.221621970361718 -0.289680972643164 0.420638054713672
0.221621970361718 -0.221621970361718 0.420638054713672
0.221621970361718 -0.082626143122598 0.420638054713672
0.221621970361718 0.082626143122598 0.420638054713672
0.221621970361718 0.221621970361718 0.420638054713672
0.221621970361718 0.289680972643164 0.420638054713672
0.289680972643164 -0.289680972643164 0.420638054713672
0.289680972643164 -0.221621970361718 0.420638054713672
0.289680972643164 -0.082626143122598 0.420638054713672
0.289680972643164 0.082626143122598 0.420638054713672
0.289680972643164 0.221621970361718 0.420638054713672
0.289680972643164 0.289680972643164 0.420638054713672
-0.196873397265077 -0.196873397265077 0.606253205469846
-0.196873397265077 -0.128883892184333 0.606253205469846
-0.196873397265077 0.000000000000000 0.606253205469846
-0.196873397265077 0.128883892184333 0.606253205469846
-0.196873397265077 0.196873397265077 0.606253205469846
-0.128883892184333 -0.196873397265077 0.606253205469846
-0.128883892184333 -0.128883892184333 0.606253205469846
-0.128883892184333 0.000000000000000 0.606253205469846
-0.128883892184333 0.128883892184333 0.606253205469846
-0.128883892184333 0.196873397265077 0.606253205469846
0.000000000000000 -0.196873397265077 0.606253205469846
0.000000000000000 -0.128883892184333 0.606253205469846
0.000000000000000 0.000000000000000 0.606253205469846
0.000000000000000 0.128883892184333 0.606253205469846
0.000000000000000 0.196873397265077 0.606253205469846
0.128883892184333 -0.196873397265077 0.606253205469846
0.128883892184333 -0.128883892184333 0.606253205469846
0.128883892184333 0.000000000000000 0.606253205469846
0.128883892184333 0.128883892184333 0.606253205469846
0.128883892184333 0.196873397265077 0.606253205469846
0.196873397265077 -0.196873397265077 0.606253205469846
0.196873397265077 -0.128883892184333 0.606253205469846
0.196873397265077 0.000000000000000 0.606253205469846
0.196873397265077 0.128883892184333 0.606253205469846
0.196873397265077 0.196873397265077 0.606253205469846
-0.118240155024092 -0.118240155024092 0.763519689951815
-0.118240155024092 -0.052878604860797 0.763519689951815
-0.118240155024092 0.052878604860797 0.763519689951815
-0.118240155024092 0.118240155024092 0.763519689951815
-0.052878604860797 -0.118240155024092 0.763519689951815
-0.052878604860797 -0.052878604860797 0.763519689951815
-0.052878604860797 0.052878604860797 0.763519689951815
-0.052878604860797 0.118240155024092 0.763519689951815
0.052878604860797 -0.118240155024092 0.763519689951815
0.052878604860797 -0.052878604860797 0.763519689951815
0.052878604860797 0.052878604860797 0.763519689951815
0.052878604860797 0.118240155024092 0.763519689951815
0.118240155024092 -0.118240155024092 0.763519689951815
0.118240155024092 -0.052878604860797 0.763519689951815
0.118240155024092 0.052878604860797 0.763519689951815
0.118240155024092 0.118240155024092 0.763519689951815
-0.057458977888512 -0.057458977888512 0.885082044222976
-0.057458977888512 0.000000000000000 0.885082044222976
-0.057458977888512 0.057458977888512 0.885082044222976
0.000000000000000 -0.057458977888512 0.885082044222976
0.000000000000000 0.000000000000000 0.885082044222976
0.000000000000000 0.057458977888512 0.885082044222976
0.057458977888512 -0.057458977888512 0.885082044222976
0.057458977888512 0.000000000000000 0.885082044222976
0.057458977888512 0.057458977888512 0.885082044222976
-0.017377036748081 -0.017377036748081 0.965245926503839
-0.017377036748081 0.017377036748081 0.965245926503839
0.017377036748081 -0.017377036748081 0.965245926503839
0.017377036748081 0.017377036748081 0.965245926503839
0.000000000000000 0.000000000000000 1.000000000000000
