-1.000000000000000 -1.000000000000000 -1.000000000000000
-1.000000000000000 -0.973132176631418 -1.000000000000000
-1.000000000000000 -0.910879995915574 -1.000000000000000
-1.000000000000000 -0.815696251221770 -1.000000000000000
-1.000000000000000 -0.691028980627685 -1.000000000000000
-1.000000000000000 -0.541385399330102 -1.000000000000000
-1.000000000000000 -0.372174433565477 -1.000000000000000
-1.000000000000000 -0.189511973518317 -1.000000000000000
-1.000000000000000 0.000000000000000 -1.000000000000000
-1.000000000000000 0.189511973518317 -1.000000000000000
-1.000000000000000 0.372174433565477 -1.000000000000000
-1.000000000000000 0.541385399330102 -1.000000000000000
-1.000000000000000 0.691028980627685 -1.000000000000000
-1.000000000000000 0.815696251221770 -1.000000000000000
-1.000000000000000 0.910879995915574 -1.000000000000000
-1.000000000000000 0.973132176631418 -1.000000000000000
-1.000000000000000 1.000000000000000 -1.000000000000000
-0.973132176631418 -1.000000000000000 -1.000000000000000
-0.973132176631418 -0.973132176631418 -1.000000000000000
-0.973132176631418 -0.910879995915574 -1.000000000000000
-0.973132176631418 -0.815696251221770 -1.000000000000000
-0.973132176631418 -0.691028980627685 -1.000000000000000
-0.973132176631418 -0.541385399330102 -1.000000000000000
-0.973132176631418 -0.372174433565477 -1.000000000000000
-0.973132176631418 -0.189511973518317 -1.000000000000000
-0.973132176631418 0.000000000000000 -1.000000000000000
-0.973132176631418 0.189511973518317 -1.000000000000000
-0.973132176631418 0.372174433565477 -1.000000000000000
-0.973132176631418 0.541385399330102 -1.000000000000000
-0.973132176631418 0.691028980627685 -1.000000000000000
-0.973132176631418 0.815696251221770 -1.000000000000000
-0.973132176631418 0.910879995915574 -1.000000000000000
-0.973132176631418 0.973132176631418 -1.000000000000000
-0.973132176631418 1.000000000000000 -1.000000000000000
-0.910879995915574 -1.000000000000000 -1.000000000000000
-0.910879995915574 -0.973132176631418 -1.000000000000000
-0.910879995915574 -0.910879995915574 -1.000000000000000
-0.910879995915574 -0.815696251221770 -1.000000000000000
-0.910879995915574 -0.691028980627685 -1.000000000000000
-0.910879995915574 -0.541385399330102 -1.000000000000000
-0.910879995915574 -0.372174433565477 -1.000000000000000
-0.910879995915574 -0.189511973518317 -1.000000000000000
-0.910879995915574 0.000000000000000 -1.000000000000000
-0.910879995915574 0.189511973518317 -1.000000000000000
-0.910879995915574 0.372174433565477 -1.000000000000000
-0.910879995915574 0.541385399330102 -1.000000000000000
-0.910879995915574 0.691028980627685 -1.000000000000000
-0.910879995915574 0.815696251221770 -1.000000000000000
-0.910879995915574 0.910879995915574 -1.000000000000000
-0.910879995915574 0.973132176631418 -1.000000000000000
-0.910879995915574 1.000000000000000 -1.000000000000000
-0.815696251221770 -1.000000000000000 -1.000000000000000
-0.815696251221770 -0.973132176631418 -1.000000000000000
-0.815696251221770 -0.910879995915574 -1.000000000000000
-0.815696251221770 -0.815696251221770 -1.000000000000000
-0.815696251221770 -0.691028980627685 -1.000000000000000
-0.815696251221770 -0.541385399330102 -1.000000000000000
-0.815696251221770 -0.372174433565477 -1.000000000000000
-0.815696251221770 -0.189511973518317 -1.000000000000000
-0.815696251221770 0.000000000000000 -1.000000000000000
-0.815696251221770 0.189511973518317 -1.000000000000000
-0.815696251221770 0.372174433565477 -1.000000000000000
-0.815696251221770 0.541385399330102 -1.000000000000000
-0.815696251221770 0.691028980627685 -1.000000000000000
-0.815696251221770 0.815696251221770 -1.000000000000000
-0.815696251221770 0.910879995915574 -1.000000000000000
-0.815696251221770 0.973132176631418 -1.000000000000000
-0.815696251221770 1.000000000000000 -1.000000000000000
-0.691028980627685 -1.000000000000000 -1.000000000000000
-0.691028980627685 -0.973132176631418 -1.000000000000000
-0.691028980627685 -0.910879995915574 -1.000000000000000
-0.691028980627685 -0.815696251221770 -1.000000000000000
-0.691028980627685 -0.691028980627685 -1.000000000000000
-0.691028980627685 -0.541385399330102 -1.000000000000000
-0.691028980627685 -0.372174433565477 -1.000000000000000
-0.691028980627685 -0.189511973518317 -1.000000000000000
-0.691028980627685 0.000000000000000 -1.000000000000000
-0.691028980627685 0.189511973518317 -1.000000000000000
-0.691028980627685 0.372174433565477 -1.000000000000000
-0.691028980627685 0.541385399330102 -1.000000000000000
-0.691028980627685 0.691028980627685 -1.000000000000000
-0.691028980627685 0.815696251221770 -1.000000000000000
-0.691028980627685 0.910879995915574 -1.000000000000000
-0.691028980627685 0.973132176631418 -1.000000000000000
-0.691028980627685 1.000000000000000 -1.000000000000000
-0.541385399330102 -1.000000000000000 -1.000000000000000
-0.541385399330102 -0.973132176631418 -1.000000000000000
-0.541385399330102 -0.910879995915574 -1.000000000000000
-0.541385399330102 -0.815696251221770 -1.000000000000000
-0.541385399330102 -0.691028980627685 -1.000000000000000
-0.541385399330102 -0.541385399330102 -1.000000000000000
-0.541385399330102 -0.372174433565477 -1.000000000000000
-0.541385399330102 -0.189511973518317 -1.000000000000000
-0.541385399330102 0.000000000000000 -1.000000000000000
-0.541385399330102 0.189511973518317 -1.000000000000000
-0.541385399330102 0.372174433565477 -1.000000000000000
-0.541385399330102 0.541385399330102 -1.000000000000000
-0.541385399330102 0.691028980627685 -1.000000000000000
-0.541385399330102 0.815696251221770 -1.000000000000000
-0.541385399330102 0.910879995915574 -1.000000000000000
-0.541385399330102 0.973132176631418 -1.000000000000000
-0.541385399330102 1.000000000000000 -1.000000000000000
-0.372174433565477 -1.000000000000000 -1.000000000000000
-0.372174433565477 -0.973132176631418 -1.000000000000000
-0.372174433565477 -0.910879995915574 -1.000000000000000
-0.372174433565477 -0.815696251221770 -1.000000000000000
-0.372174433565477 -0.691028980627685 -1.000000000000000
-0.372174433565477 -0.541385399330102 -1.000000000000000
-0.372174433565477 -0.372174433565477 -1.000000000000000
-0.372174433565477 -0.189511973518317 -1.000000000000000
-0.372174433565477 0.000000000000000 -1.000000000000000
-0.372174433565477 0.189511973518317 -1.000000000000000
-0.372174433565477 0.372174433565477 -1.000000000000000
-0.372174433565477 0.541385399330102 -1.000000000000000
-0.372174433565477 0.691028980627685 -1.000000000000000
-0.372174433565477 0.815696251221770 -1.000000000000000
-0.372174433565477 0.910879995915574 -1.000000000000000
-0.372174433565477 0.973132176631418 -1.000000000000000
-0.372174433565477 1.000000000000000 -1.000000000000000
-0.189511973518317 -1.000000000000000 -1.000000000000000
-0.189511973518317 -0.973132176631418 -1.000000000000000
-0.189511973518317 -0.910879995915574 -1.000000000000000
-0.189511973518317 -0.815696251221770 -1.000000000000000
-0.189511973518317 -0.691028980627685 -1.000000000000000
-0.189511973518317 -0.541385399330102 -1.000000000000000
-0.189511973518317 -0.372174433565477 -1.000000000000000
-0.189511973518317 -0.189511973518317 -1.000000000000000
-0.189511973518317 0.000000000000000 -1.000000000000000
-0.189511973518317 0.189511973518317 -1.000000000000000
-0.189511973518317 0.372174433565477 -1.000000000000000
-0.189511973518317 0.541385399330102 -1.000000000000000
-0.189511973518317 0.691028980627685 -1.000000000000000
-0.189511973518317 0.815696251221770 -1.000000000000000
-0.189511973518317 0.910879995915574 -1.000000000000000
-0.189511973518317 0.973132176631418 -1.000000000000000
-0.189511973518317 1.000000000000000 -1.000000000000000
0.000000000000000 -1.000000000000000 -1.000000000000000
0.000000000000000 -0.973132176631418 -1.000000000000000
0.000000000000000 -0.910879995915574 -1.000000000000000
0.000000000000000 -0.815696251221770 -1.000000000000000
0.000000000000000 -0.691028980627685 -1.000000000000000
0.000000000000000 -0.541385399330102 -1.000000000000000
0.000000000000000 -0.372174433565477 -1.000000000000000
0.000000000000000 -0.189511973518317 -1.000000000000000
0.000000000000000 0.000000000000000 -1.000000000000000
0.000000000000000 0.189511973518317 -1.000000000000000
0.000000000000000 0.372174433565477 -1.000000000000000
0.000000000000000 0.541385399330102 -1.000000000000000
0.000000000000000 0.691028980627685 -1.000000000000000
0.000000000000000 0.815696251221770 -1.000000000000000
0.000000000000000 0.910879995915574 -1.000000000000000
0.000000000000000 0.973132176631418 -1.000000000000000
0.000000000000000 1.000000000000000 -1.000000000000000
0.189511973518317 -1.000000000000000 -1.000000000000000
0.189511973518317 -0.973132176631418 -1.000000000000000
0.189511973518317 -0.910879995915574 -1.000000000000000
0.189511973518317 -0.815696251221770 -1.000000000000000
0.189511973518317 -0.691028980627685 -1.000000000000000
0.189511973518317 -0.541385399330102 -1.000000000000000
0.189511973518317 -0.372174433565477 -1.000000000000000
0.189511973518317 -0.189511973518317 -1.000000000000000
0.189511973518317 0.000000000000000 -1.000000000000000
0.189511973518317 0.189511973518317 -1.000000000000000
0.189511973518317 0.372174433565477 -1.000000000000000
0.189511973518317 0.541385399330102 -1.000000000000000
0.189511973518317 0.691028980627685 -1.000000000000000
0.189511973518317 0.815696251221770 -1.000000000000000
0.189511973518317 0.910879995915574 -1.000000000000000
0.189511973518317 0.973132176631418 -1.000000000000000
0.189511973518317 1.000000000000000 -1.000000000000000
0.372174433565477 -1.000000000000000 -1.000000000000000
0.372174433565477 -0.973132176631418 -1.000000000000000
0.372174433565477 -0.910879995915574 -1.000000000000000
0.372174433565477 -0.815696251221770 -1.000000000000000
0.372174433565477 -0.691028980627685 -1.000000000000000
0.372174433565477 -0.541385399330102 -1.000000000000000
0.372174433565477 -0.372174433565477 -1.000000000000000
0.372174433565477 -0.189511973518317 -1.000000000000000
0.372174433565477 0.000000000000000 -1.000000000000000
0.372174433565477 0.189511973518317 -1.000000000000000
0.372174433565477 0.372174433565477 -1.000000000000000
0.372174433565477 0.541385399330102 -1.000000000000000
0.372174433565477 0.691028980627685 -1.000000000000000
0.372174433565477 0.815696251221770 -1.000000000000000
0.372174433565477 0.910879995915574 -1.000000000000000
0.372174433565477 0.973132176631418 -1.000000000000000
0.372174433565477 1.000000000000000 -1.000000000000000
0.541385399330102 -1.000000000000000 -1.000000000000000
0.541385399330102 -0.973132176631418 -1.000000000000000
0.541385399330102 -0.910879995915574 -1.000000000000000
0.541385399330102 -0.815696251221770 -1.000000000000000
0.541385399330102 -0.691028980627685 -1.000000000000000
0.541385399330102 -0.541385399330102 -1.000000000000000
0.541385399330102 -0.372174433565477 -1.000000000000000
0.541385399330102 -0.189511973518317 -1.000000000000000
0.541385399330102 0.000000000000000 -1.000000000000000
0.541385399330102 0.189511973518317 -1.000000000000000
0.541385399330102 0.372174433565477 -1.000000000000000
0.541385399330102 0.541385399330102 -1.000000000000000
0.541385399330102 0.691028980627685 -1.000000000000000
0.541385399330102 0.815696251221770 -1.000000000000000
0.541385399330102 0.910879995915574 -1.000000000000000
0.541385399330102 0.973132176631418 -1.000000000000000
0.541385399330102 1.000000000000000 -1.000000000000000
0.691028980627685 -1.000000000000000 -1.000000000000000
0.691028980627685 -0.973132176631418 -1.000000000000000
0.691028980627685 -0.910879995915574 -1.000000000000000
0.691028980627685 -0.815696251221770 -1.000000000000000
0.691028980627685 -0.691028980627685 -1.000000000000000
0.691028980627685 -0.541385399330102 -1.000000000000000
0.691028980627685 -0.372174433565477 -1.000000000000000
0.691028980627685 -0.189511973518317 -1.000000000000000
0.691028980627685 0.000000000000000 -1.000000000000000
0.691028980627685 0.189511973518317 -1.000000000000000
0.691028980627685 0.372174433565477 -1.000000000000000
0.691028980627685 0.541385399330102 -1.000000000000000
0.691028980627685 0.691028980627685 -1.000000000000000
0.691028980627685 0.815696251221770 -1.000000000000000
0.691028980627685 0.910879995915574 -1.000000000000000
0.691028980627685 0.973132176631418 -1.000000000000000
0.691028980627685 1.000000000000000 -1.000000000000000
0.815696251221770 -1.000000000000000 -1.000000000000000
0.815696251221770 -0.973132176631418 -1.000000000000000
0.815696251221770 -0.910879995915574 -1.000000000000000
0.815696251221770 -0.815696251221770 -1.000000000000000
0.815696251221770 -0.691028980627685 -1.000000000000000
0.815696251221770 -0.541385399330102 -1.000000000000000
0.815696251221770 -0.372174433565477 -1.000000000000000
0.815696251221770 -0.189511973518317 -1.000000000000000
0.815696251221770 0.000000000000000 -1.000000000000000
0.815696251221770 0.189511973518317 -1.000000000000000
0.815696251221770 0.372174433565477 -1.000000000000000
0.815696251221770 0.541385399330102 -1.000000000000000
0.815696251221770 0.691028980627685 -1.000000000000000
0.815696251221770 0.815696251221770 -1.000000000000000
0.815696251221770 0.910879995915574 -1.000000000000000
0.815696251221770 0.973132176631418 -1.000000000000000
0.815696251221770 1.000000000000000 -1.000000000000000
0.910879995915574 -1.000000000000000 -1.000000000000000
0.910879995915574 -0.973132176631418 -1.000000000000000
0.910879995915574 -0.910879995915574 -1.000000000000000
0.910879995915574 -0.815696251221770 -1.000000000000000
0.910879995915574 -0.691028980627685 -1.000000000000000
0.910879995915574 -0.541385399330102 -1.000000000000000
0.910879995915574 -0.372174433565477 -1.000000000000000
0.910879995915574 -0.189511973518317 -1.000000000000000
0.910879995915574 0.000000000000000 -1.000000000000000
0.910879995915574 0.189511973518317 -1.000000000000000
0.910879995915574 0.372174433565477 -1.000000000000000
0.910879995915574 0.541385399330102 -1.000000000000000
0.910879995915574 0.691028980627685 -1.000000000000000
0.910879995915574 0.815696251221770 -1.000000000000000
0.910879995915574 0.910879995915574 -1.000000000000000
0.910879995915574 0.973132176631418 -1.000000000000000
0.910879995915574 1.000000000000000 -1.000000000000000
0.973132176631418 -1.000000000000000 -1.000000000000000
0.973132176631418 -0.973132176631418 -1.000000000000000
0.973132176631418 -0.910879995915574 -1.000000000000000
0.973132176631418 -0.815696251221770 -1.000000000000000
0.973132176631418 -0.691028980627685 -1.000000000000000
0.973132176631418 -0.541385399330102 -1.000000000000000
0.973132176631418 -0.372174433565477 -1.000000000000000
0.973132176631418 -0.189511973518317 -1.000000000000000
0.973132176631418 0.000000000000000 -1.000000000000000
0.973132176631418 0.189511973518317 -1.000000000000000
0.973132176631418 0.372174433565477 -1.000000000000000
0.973132176631418 0.541385399330102 -1.000000000000000
0.973132176631418 0.691028980627685 -1.000000000000000
0.973132176631418 0.815696251221770 -1.000000000000000
0.973132176631418 0.910879995915574 -1.000000000000000
0.973132176631418 0.973132176631418 -1.000000000000000
0.973132176631418 1.000000000000000 -1.000000000000000
1.000000000000000 -1.000000000000000 -1.000000000000000
1.000000000000000 -0.973132176631418 -1.000000000000000
1.000000000000000 -0.910879995915574 -1.000000000000000
1.000000000000000 -0.815696251221770 -1.000000000000000
1.000000000000000 -0.691028980627685 -1.000000000000000
1.000000000000000 -0.541385399330102 -1.000000000000000
1.000000000000000 -0.372174433565477 -1.000000000000000
1.000000000000000 -0.189511973518317 -1.000000000000000
1.000000000000000 0.000000000000000 -1.000000000000000
1.000000000000000 0.189511973518317 -1.000000000000000
1.000000000000000 0.372174433565477 -1.000000000000000
1.000000000000000 0.541385399330102 -1.000000000000000
1.000000000000000 0.691028980627685 -1.000000000000000
1.000000000000000 0.815696251221770 -1.000000000000000
1.000000000000000 0.910879995915574 -1.000000000000000
1.000000000000000 0.973132176631418 -1.000000000000000
1.000000000000000 1.000000000000000 -1.000000000000000
-0.986566088315709 -0.986566088315709 -0.973132176631418
-0.986566088315709 -0.956542954764713 -0.973132176631418
-0.986566088315709 -0.887120752545427 -0.973132176631418
-0.986566088315709 -0.781368522415717 -0.973132176631418
-0.986566088315709 -0.643624570664141 -0.973132176631418
-0.986566088315709 -0.479529742540188 -0.973132176631418
-0.986566088315709 -0.295802572861291 -0.973132176631418
-0.986566088315709 -0.099965065312157 -0.973132176631418
-0.986566088315709 0.099965065312157 -0.973132176631418
-0.986566088315709 0.295802572861291 -0.973132176631418
-0.986566088315709 0.479529742540188 -0.973132176631418
-0.986566088315709 0.643624570664141 -0.973132176631418
-0.986566088315709 0.781368522415717 -0.973132176631418
-0.986566088315709 0.887120752545427 -0.973132176631418
-0.986566088315709 0.956542954764713 -0.973132176631418
-0.986566088315709 0.986566088315709 -0.973132176631418
-0.956542954764713 -0.986566088315709 -0.973132176631418
-0.956542954764713 -0.956542954764713 -0.973132176631418
-0.956542954764713 -0.887120752545427 -0.973132176631418
-0.956542954764713 -0.781368522415717 -0.973132176631418
-0.956542954764713 -0.643624570664141 -0.973132176631418
-0.956542954764713 -0.479529742540188 -0.973132176631418
-0.956542954764713 -0.295802572861291 -0.973132176631418
-0.956542954764713 -0.099965065312157 -0.973132176631418
-0.956542954764713 0.099965065312157 -0.973132176631418
-0.956542954764713 0.295802572861291 -0.973132176631418
-0.956542954764713 0.479529742540188 -0.973132176631418
-0.956542954764713 0.643624570664141 -0.973132176631418
-0.956542954764713 0.781368522415717 -0.973132176631418
-0.956542954764713 0.887120752545427 -0.973132176631418
-0.956542954764713 0.956542954764713 -0.973132176631418
-0.956542954764713 0.986566088315709 -0.973132176631418
-0.887120752545427 -0.986566088315709 -0.973132176631418
-0.887120752545427 -0.956542954764713 -0.973132176631418
-0.887120752545427 -0.887120752545427 -0.973132176631418
-0.887120752545427 -0.781368522415717 -0.973132176631418
-0.887120752545427 -0.643624570664141 -0.973132176631418
-0.887120752545427 -0.479529742540188 -0.973132176631418
-0.887120752545427 -0.295802572861291 -0.973132176631418
-0.887120752545427 -0.099965065312157 -0.973132176631418
-0.887120752545427 0.099965065312157 -0.973132176631418
-0.887120752545427 0.295802572861291 -0.973132176631418
-0.887120752545427 0.479529742540188 -0.973132176631418
-0.887120752545427 0.643624570664141 -0.973132176631418
-0.887120752545427 0.781368522415717 -0.973132176631418
-0.887120752545427 0.887120752545427 -0.973132176631418
-0.887120752545427 0.956542954764713 -0.973132176631418
-0.887120752545427 0.986566088315709 -0.973132176631418
-0.781368522415717 -0.986566088315709 -0.973132176631418
-0.781368522415717 -0.956542954764713 -0.973132176631418
-0.781368522415717 -0.887120752545427 -0.973132176631418
-0.781368522415717 -0.781368522415717 -0.973132176631418
-0.781368522415717 -0.643624570664141 -0.973132176631418
-0.781368522415717 -0.479529742540188 -0.973132176631418
-0.781368522415717 -0.295802572861291 -0.973132176631418
-0.781368522415717 -0.099965065312157 -0.973132176631418
-0.781368522415717 0.099965065312157 -0.973132176631418
-0.781368522415717 0.295802572861291 -0.973132176631418
-0.781368522415717 0.479529742540188 -0.973132176631418
-0.781368522415717 0.643624570664141 -0.973132176631418
-0.781368522415717 0.781368522415717 -0.973132176631418
-0.781368522415717 0.887120752545427 -0.973132176631418
-0.781368522415717 0.956542954764713 -0.973132176631418
-0.781368522415717 0.986566088315709 -0.973132176631418
-0.643624570664141 -0.986566088315709 -0.973132176631418
-0.643624570664141 -0.956542954764713 -0.973132176631418
-0.643624570664141 -0.887120752545427 -0.973132176631418
-0.643624570664141 -0.781368522415717 -0.973132176631418
-0.643624570664141 -0.643624570664141 -0.973132176631418
-0.643624570664141 -0.479529742540188 -0.973132176631418
-0.643624570664141 -0.295802572861291 -0.973132176631418
-0.643624570664141 -0.099965065312157 -0.973132176631418
-0.643624570664141 0.099965065312157 -0.973132176631418
-0.643624570664141 0.295802572861291 -0.973132176631418
-0.643624570664141 0.479529742540188 -0.973132176631418
-0.643624570664141 0.643624570664141 -0.973132176631418
-0.643624570664141 0.781368522415717 -0.973132176631418
-0.643624570664141 0.887120752545427 -0.973132176631418
-0.643624570664141 0.956542954764713 -0.973132176631418
-0.643624570664141 0.986566088315709 -0.973132176631418
-0.479529742540188 -0.986566088315709 -0.973132176631418
-0.479529742540188 -0.956542954764713 -0.973132176631418
-0.479529742540188 -0.887120752545427 -0.973132176631418
-0.479529742540188 -0.781368522415717 -0.973132176631418
-0.479529742540188 -0.643624570664141 -0.973132176631418
-0.479529742540188 -0.479529742540188 -0.973132176631418
-0.479529742540188 -0.295802572861291 -0.973132176631418
-0.479529742540188 -0.099965065312157 -0.973132176631418
-0.479529742540188 0.099965065312157 -0.973132176631418
-0.479529742540188 0.295802572861291 -0.973132176631418
-0.479529742540188 0.479529742540188 -0.973132176631418
-0.479529742540188 0.643624570664141 -0.973132176631418
-0.479529742540188 0.781368522415717 -0.973132176631418
-0.479529742540188 0.887120752545427 -0.973132176631418
-0.479529742540188 0.956542954764713 -0.973132176631418
-0.479529742540188 0.986566088315709 -0.973132176631418
-0.295802572861291 -0.986566088315709 -0.973132176631418
-0.295802572861291 -0.956542954764713 -0.973132176631418
-0.295802572861291 -0.887120752545427 -0.973132176631418
-0.295802572861291 -0.781368522415717 -0.973132176631418
-0.295802572861291 -0.643624570664141 -0.973132176631418
-0.295802572861291 -0.479529742540188 -0.973132176631418
-0.295802572861291 -0.295802572861291 -0.973132176631418
-0.295802572861291 -0.099965065312157 -0.973132176631418
-0.295802572861291 0.099965065312157 -0.973132176631418
-0.295802572861291 0.295802572861291 -0.973132176631418
-0.295802572861291 0.479529742540188 -0.973132176631418
-0.295802572861291 0.643624570664141 -0.973132176631418
-0.295802572861291 0.781368522415717 -0.973132176631418
-0.295802572861291 0.887120752545427 -0.973132176631418
-0.295802572861291 0.956542954764713 -0.973132176631418
-0.295802572861291 0.986566088315709 -0.973132176631418
-0.099965065312157 -0.986566088315709 -0.973132176631418
-0.099965065312157 -0.956542954764713 -0.973132176631418
-0.099965065312157 -0.887120752545427 -0.973132176631418
-0.099965065312157 -0.781368522415717 -0.973132176631418
-0.099965065312157 -0.643624570664141 -0.973132176631418
-0.099965065312157 -0.479529742540188 -0.973132176631418
-0.099965065312157 -0.295802572861291 -0.973132176631418
-0.099965065312157 -0.099965065312157 -0.973132176631418
-0.099965065312157 0.099965065312157 -0.973132176631418
-0.099965065312157 0.295802572861291 -0.973132176631418
-0.099965065312157 0.479529742540188 -0.973132176631418
-0.099965065312157 0.643624570664141 -0.973132176631418
-0.099965065312157 0.781368522415717 -0.973132176631418
-0.099965065312157 0.887120752545427 -0.973132176631418
-0.099965065312157 0.956542954764713 -0.973132176631418
-0.099965065312157 0.986566088315709 -0.973132176631418
0.099965065312157 -0.986566088315709 -0.973132176631418
0.099965065312157 -0.956542954764713 -0.973132176631418
0.099965065312157 -0.887120752545427 -0.973132176631418
0.099965065312157 -0.781368522415717 -0.973132176631418
0.099965065312157 -0.643624570664141 -0.973132176631418
0.099965065312157 -0.479529742540188 -0.973132176631418
0.099965065312157 -0.295802572861291 -0.973132176631418
0.099965065312157 -0.099965065312157 -0.973132176631418
0.099965065312157 0.099965065312157 -0.973132176631418
0.099965065312157 0.295802572861291 -0.973132176631418
0.099965065312157 0.479529742540188 -0.973132176631418
0.099965065312157 0.643624570664141 -0.973132176631418
0.099965065312157 0.781368522415717 -0.973132176631418
0.099965065312157 0.887120752545427 -0.973132176631418
0.099965065312157 0.956542954764713 -0.973132176631418
0.099965065312157 0.986566088315709 -0.973132176631418
0.295802572861291 -0.986566088315709 -0.973132176631418
0.295802572861291 -0.956542954764713 -0.973132176631418
0.295802572861291 -0.887120752545427 -0.973132176631418
0.295802572861291 -0.781368522415717 -0.973132176631418
0.295802572861291 -0.643624570664141 -0.973132176631418
0.295802572861291 -0.479529742540188 -0.973132176631418
0.295802572861291 -0.295802572861291 -0.973132176631418
0.295802572861291 -0.099965065312157 -0.973132176631418
0.295802572861291 0.099965065312157 -0.973132176631418
0.295802572861291 0.295802572861291 -0.973132176631418
0.295802572861291 0.479529742540188 -0.973132176631418
0.295802572861291 0.643624570664141 -0.973132176631418
0.295802572861291 0.781368522415717 -0.973132176631418
0.295802572861291 0.887120752545427 -0.973132176631418
0.295802572861291 0.956542954764713 -0.973132176631418
0.295802572861291 0.986566088315709 -0.973132176631418
0.479529742540188 -0.986566088315709 -0.973132176631418
0.479529742540188 -0.956542954764713 -0.973132176631418
0.479529742540188 -0.887120752545427 -0.973132176631418
0.479529742540188 -0.781368522415717 -0.973132176631418
0.479529742540188 -0.643624570664141 -0.973132176631418
0.479529742540188 -0.479529742540188 -0.973132176631418
0.479529742540188 -0.295802572861291 -0.973132176631418
0.479529742540188 -0.099965065312157 -0.973132176631418
0.479529742540188 0.099965065312157 -0.973132176631418
0.479529742540188 0.295802572861291 -0.973132176631418
0.479529742540188 0.479529742540188 -0.973132176631418
0.479529742540188 0.643624570664141 -0.973132176631418
0.479529742540188 0.781368522415717 -0.973132176631418
0.479529742540188 0.887120752545427 -0.973132176631418
0.479529742540188 0.956542954764713 -0.973132176631418
0.479529742540188 0.986566088315709 -0.973132176631418
0.643624570664141 -0.986566088315709 -0.973132176631418
0.643624570664141 -0.956542954764713 -0.973132176631418
0.643624570664141 -0.887120752545427 -0.973132176631418
0.643624570664141 -0.781368522415717 -0.973132176631418
0.643624570664141 -0.643624570664141 -0.973132176631418
0.643624570664141 -0.479529742540188 -0.973132176631418
0.643624570664141 -0.295802572861291 -0.973132176631418
0.643624570664141 -0.099965065312157 -0.973132176631418
0.643624570664141 0.099965065312157 -0.973132176631418
0.643624570664141 0.295802572861291 -0.973132176631418
0.643624570664141 0.479529742540188 -0.973132176631418
0.643624570664141 0.643624570664141 -0.973132176631418
0.643624570664141 0.781368522415717 -0.973132176631418
0.643624570664141 0.887120752545427 -0.973132176631418
0.643624570664141 0.956542954764713 -0.973132176631418
0.643624570664141 0.986566088315709 -0.973132176631418
0.781368522415717 -0.986566088315709 -0.973132176631418
0.781368522415717 -0.956542954764713 -0.973132176631418
0.781368522415717 -0.887120752545427 -0.973132176631418
0.781368522415717 -0.781368522415717 -0.973132176631418
0.781368522415717 -0.643624570664141 -0.973132176631418
0.781368522415717 -0.479529742540188 -0.973132176631418
0.781368522415717 -0.295802572861291 -0.973132176631418
0.781368522415717 -0.099965065312157 -0.973132176631418
0.781368522415717 0.099965065312157 -0.973132176631418
0.781368522415717 0.295802572861291 -0.973132176631418
0.781368522415717 0.479529742540188 -0.973132176631418
0.781368522415717 0.643624570664141 -0.973132176631418
0.781368522415717 0.781368522415717 -0.973132176631418
0.781368522415717 0.887120752545427 -0.973132176631418
0.781368522415717 0.956542954764713 -0.973132176631418
0.781368522415717 0.986566088315709 -0.973132176631418
0.887120752545427 -0.986566088315709 -0.973132176631418
0.887120752545427 -0.956542954764713 -0.973132176631418
0.887120752545427 -0.887120752545427 -0.973132176631418
0.887120752545427 -0.781368522415717 -0.973132176631418
0.887120752545427 -0.643624570664141 -0.973132176631418
0.887120752545427 -0.479529742540188 -0.973132176631418
0.887120752545427 -0.295802572861291 -0.973132176631418
0.887120752545427 -0.099965065312157 -0.973132176631418
0.887120752545427 0.099965065312157 -0.973132176631418
0.887120752545427 0.295802572861291 -0.973132176631418
0.887120752545427 0.479529742540188 -0.973132176631418
0.887120752545427 0.643624570664141 -0.973132176631418
0.887120752545427 0.781368522415717 -0.973132176631418
0.887120752545427 0.887120752545427 -0.973132176631418
0.887120752545427 0.956542954764713 -0.973132176631418
0.887120752545427 0.986566088315709 -0.973132176631418
0.956542954764713 -0.986566088315709 -0.973132176631418
0.956542954764713 -0.956542954764713 -0.973132176631418
0.956542954764713 -0.887120752545427 -0.973132176631418
0.956542954764713 -0.781368522415717 -0.973132176631418
0.956542954764713 -0.643624570664141 -0.973132176631418
0.956542954764713 -0.479529742540188 -0.973132176631418
0.956542954764713 -0.295802572861291 -0.973132176631418
0.956542954764713 -0.099965065312157 -0.973132176631418
0.956542954764713 0.099965065312157 -0.973132176631418
0.956542954764713 0.295802572861291 -0.973132176631418
0.956542954764713 0.479529742540188 -0.973132176631418
0.956542954764713 0.643624570664141 -0.973132176631418
0.956542954764713 0.781368522415717 -0.973132176631418
0.956542954764713 0.887120752545427 -0.973132176631418
0.956542954764713 0.956542954764713 -0.973132176631418
0.956542954764713 0.986566088315709 -0.973132176631418
0.986566088315709 -0.986566088315709 -0.973132176631418
0.986566088315709 -0.956542954764713 -0.973132176631418
0.986566088315709 -0.887120752545427 -0.973132176631418
0.986566088315709 -0.781368522415717 -0.973132176631418
0.986566088315709 -0.643624570664141 -0.973132176631418
0.986566088315709 -0.479529742540188 -0.973132176631418
0.986566088315709 -0.295802572861291 -0.973132176631418
0.986566088315709 -0.099965065312157 -0.973132176631418
0.986566088315709 0.099965065312157 -0.973132176631418
0.986566088315709 0.295802572861291 -0.973132176631418
0.986566088315709 0.479529742540188 -0.973132176631418
0.986566088315709 0.643624570664141 -0.973132176631418
0.986566088315709 0.781368522415717 -0.973132176631418
0.986566088315709 0.887120752545427 -0.973132176631418
0.986566088315709 0.956542954764713 -0.973132176631418
0.986566088315709 0.986566088315709 -0.973132176631418
-0.955439997957787 -0.955439997957787 -0.910879995915574
-0.955439997957787 -0.922234566047589 -0.910879995915574
-0.955439997957787 -0.845642786524874 -0.910879995915574
-0.955439997957787 -0.729497251008292 -0.910879995915574
-0.955439997957787 -0.579238561396011 -0.910879995915574
-0.955439997957787 -0.401894422136599 -0.910879995915574
-0.955439997957787 -0.205757782672985 -0.910879995915574
-0.955439997957787 0.000000000000000 -0.910879995915574
-0.955439997957787 0.205757782672985 -0.910879995915574
-0.955439997957787 0.401894422136599 -0.910879995915574
-0.955439997957787 0.579238561396011 -0.910879995915574
-0.955439997957787 0.729497251008292 -0.910879995915574
-0.955439997957787 0.845642786524874 -0.910879995915574
-0.955439997957787 0.922234566047589 -0.910879995915574
-0.955439997957787 0.955439997957787 -0.910879995915574
-0.922234566047589 -0.955439997957787 -0.910879995915574
-0.922234566047589 -0.922234566047589 -0.910879995915574
-0.922234566047589 -0.845642786524874 -0.910879995915574
-0.922234566047589 -0.729497251008292 -0.910879995915574
-0.922234566047589 -0.579238561396011 -0.910879995915574
-0.922234566047589 -0.401894422136599 -0.910879995915574
-0.922234566047589 -0.205757782672985 -0.910879995915574
-0.922234566047589 0.000000000000000 -0.910879995915574
-0.922234566047589 0.205757782672985 -0.910879995915574
-0.922234566047589 0.401894422136599 -0.910879995915574
-0.922234566047589 0.579238561396011 -0.910879995915574
-0.922234566047589 0.729497251008292 -0.910879995915574
-0.922234566047589 0.845642786524874 -0.910879995915574
-0.922234566047589 0.922234566047589 -0.910879995915574
-0.922234566047589 0.955439997957787 -0.910879995915574
-0.845642786524874 -0.955439997957787 -0.910879995915574
-0.845642786524874 -0.922234566047589 -0.910879995915574
-0.845642786524874 -0.845642786524874 -0.910879995915574
-0.845642786524874 -0.729497251008292 -0.910879995915574
-0.845642786524874 -0.579238561396011 -0.910879995915574
-0.845642786524874 -0.401894422136599 -0.910879995915574
-0.845642786524874 -0.205757782672985 -0.910879995915574
-0.845642786524874 0.000000000000000 -0.910879995915574
-0.845642786524874 0.205757782672985 -0.910879995915574
-0.845642786524874 0.401894422136599 -0.910879995915574
-0.845642786524874 0.579238561396011 -0.910879995915574
-0.845642786524874 0.729497251008292 -0.910879995915574
-0.845642786524874 0.845642786524874 -0.910879995915574
-0.845642786524874 0.922234566047589 -0.910879995915574
-0.845642786524874 0.955439997957787 -0.910879995915574
-0.729497251008292 -0.955439997957787 -0.910879995915574
-0.729497251008292 -0.922234566047589 -0.910879995915574
-0.729497251008292 -0.845642786524874 -0.910879995915574
-0.729497251008292 -0.729497251008292 -0.910879995915574
-0.729497251008292 -0.579238561396011 -0.910879995915574
-0.729497251008292 -0.401894422136599 -0.910879995915574
-0.729497251008292 -0.205757782672985 -0.910879995915574
-0.729497251008292 0.000000000000000 -0.910879995915574
-0.729497251008292 0.205757782672985 -0.910879995915574
-0.729497251008292 0.401894422136599 -0.910879995915574
-0.729497251008292 0.579238561396011 -0.910879995915574
-0.729497251008292 0.729497251008292 -0.910879995915574
-0.729497251008292 0.845642786524874 -0.910879995915574
-0.729497251008292 0.922234566047589 -0.910879995915574
-0.729497251008292 0.955439997957787 -0.910879995915574
-0.579238561396011 -0.955439997957787 -0.910879995915574
-0.579238561396011 -0.922234566047589 -0.910879995915574
-0.579238561396011 -0.845642786524874 -0.910879995915574
-0.579238561396011 -0.729497251008292 -0.910879995915574
-0.579238561396011 -0.579238561396011 -0.910879995915574
-0.579238561396011 -0.401894422136599 -0.910879995915574
-0.579238561396011 -0.205757782672985 -0.910879995915574
-0.579238561396011 0.000000000000000 -0.910879995915574
-0.579238561396011 0.205757782672985 -0.910879995915574
-0.579238561396011 0.401894422136599 -0.910879995915574
-0.579238561396011 0.579238561396011 -0.910879995915574
-0.579238561396011 0.729497251008292 -0.910879995915574
-0.579238561396011 0.845642786524874 -0.910879995915574
-0.579238561396011 0.922234566047589 -0.910879995915574
-0.579238561396011 0.955439997957787 -0.910879995915574
-0.401894422136599 -0.955439997957787 -0.910879995915574
-0.401894422136599 -0.922234566047589 -0.910879995915574
-0.401894422136599 -0.845642786524874 -0.910879995915574
-0.401894422136599 -0.729497251008292 -0.910879995915574
-0.401894422136599 -0.579238561396011 -0.910879995915574
-0.401894422136599 -0.401894422136599 -0.910879995915574
-0.401894422136599 -0.205757782672985 -0.910879995915574
-0.401894422136599 0.000000000000000 -0.910879995915574
-0.401894422136599 0.205757782672985 -0.910879995915574
-0.401894422136599 0.401894422136599 -0.910879995915574
-0.401894422136599 0.579238561396011 -0.910879995915574
-0.401894422136599 0.729497251008292 -0.910879995915574
-0.401894422136599 0.845642786524874 -0.910879995915574
-0.401894422136599 0.922234566047589 -0.910879995915574
-0.401894422136599 0.955439997957787 -0.910879995915574
-0.205757782672985 -0.955439997957787 -0.910879995915574
-0.205757782672985 -0.922234566047589 -0.910879995915574
-0.205757782672985 -0.845642786524874 -0.910879995915574
-0.205757782672985 -0.729497251008292 -0.910879995915574
-0.205757782672985 -0.579238561396011 -0.910879995915574
-0.205757782672985 -0.401894422136599 -0.910879995915574
-0.205757782672985 -0.205757782672985 -0.910879995915574
-0.205757782672985 0.000000000000000 -0.910879995915574
-0.205757782672985 0.205757782672985 -0.910879995915574
-0.205757782672985 0.401894422136599 -0.910879995915574
-0.205757782672985 0.579238561396011 -0.910879995915574
-0.205757782672985 0.729497251008292 -0.910879995915574
-0.205757782672985 0.845642786524874 -0.910879995915574
-0.205757782672985 0.922234566047589 -0.910879995915574
-0.205757782672985 0.955439997957787 -0.910879995915574
0.000000000000000 -0.955439997957787 -0.910879995915574
0.000000000000000 -0.922234566047589 -0.910879995915574
0.000000000000000 -0.845642786524874 -0.910879995915574
0.000000000000000 -0.729497251008292 -0.910879995915574
0.000000000000000 -0.579238561396011 -0.910879995915574
0.000000000000000 -0.401894422136599 -0.910879995915574
0.000000000000000 -0.205757782672985 -0.910879995915574
0.000000000000000 0.000000000000000 -0.910879995915574
0.000000000000000 0.205757782672985 -0.910879995915574
0.000000000000000 0.401894422136599 -0.910879995915574
0.000000000000000 0.579238561396011 -0.910879995915574
0.000000000000000 0.729497251008292 -0.910879995915574
0.000000000000000 0.845642786524874 -0.910879995915574
0.000000000000000 0.922234566047589 -0.910879995915574
0.000000000000000 0.955439997957787 -0.910879995915574
0.205757782672985 -0.955439997957787 -0.910879995915574
0.205757782672985 -0.922234566047589 -0.910879995915574
0.205757782672985 -0.845642786524874 -0.910879995915574
0.205757782672985 -0.729497251008292 -0.910879995915574
0.205757782672985 -0.579238561396011 -0.910879995915574
0.205757782672985 -0.401894422136599 -0.910879995915574
0.205757782672985 -0.205757782672985 -0.910879995915574
0.205757782672985 0.000000000000000 -0.910879995915574
0.205757782672985 0.205757782672985 -0.910879995915574
0.205757782672985 0.401894422136599 -0.910879995915574
0.205757782672985 0.579238561396011 -0.910879995915574
0.205757782672985 0.729497251008292 -0.910879995915574
0.205757782672985 0.845642786524874 -0.910879995915574
0.205757782672985 0.922234566047589 -0.910879995915574
0.205757782672985 0.955439997957787 -0.910879995915574
0.401894422136599 -0.955439997957787 -0.910879995915574
0.401894422136599 -0.922234566047589 -0.910879995915574
0.401894422136599 -0.845642786524874 -0.910879995915574
0.401894422136599 -0.729497251008292 -0.910879995915574
0.401894422136599 -0.579238561396011 -0.910879995915574
0.401894422136599 -0.401894422136599 -0.910879995915574
0.401894422136599 -0.205757782672985 -0.910879995915574
0.401894422136599 0.000000000000000 -0.910879995915574
0.401894422136599 0.205757782672985 -0.910879995915574
0.401894422136599 0.401894422136599 -0.910879995915574
0.401894422136599 0.579238561396011 -0.910879995915574
0.401894422136599 0.729497251008292 -0.910879995915574
0.401894422136599 0.845642786524874 -0.910879995915574
0.401894422136599 0.922234566047589 -0.910879995915574
0.401894422136599 0.955439997957787 -0.910879995915574
0.579238561396011 -0.955439997957787 -0.910879995915574
0.579238561396011 -0.922234566047589 -0.910879995915574
0.579238561396011 -0.845642786524874 -0.910879995915574
0.579238561396011 -0.729497251008292 -0.910879995915574
0.579238561396011 -0.579238561396011 -0.910879995915574
0.579238561396011 -0.401894422136599 -0.910879995915574
0.579238561396011 -0.205757782672985 -0.910879995915574
0.579238561396011 0.000000000000000 -0.910879995915574
0.579238561396011 0.205757782672985 -0.910879995915574
0.579238561396011 0.401894422136599 -0.910879995915574
0.579238561396011 0.579238561396011 -0.910879995915574
0.579238561396011 0.729497251008292 -0.910879995915574
0.579238561396011 0.845642786524874 -0.910879995915574
0.579238561396011 0.922234566047589 -0.910879995915574
0.579238561396011 0.955439997957787 -0.910879995915574
0.729497251008292 -0.955439997957787 -0.910879995915574
0.729497251008292 -0.922234566047589 -0.910879995915574
0.729497251008292 -0.845642786524874 -0.910879995915574
0.729497251008292 -0.729497251008292 -0.910879995915574
0.729497251008292 -0.579238561396011 -0.910879995915574
0.729497251008292 -0.401894422136599 -0.910879995915574
0.729497251008292 -0.205757782672985 -0.910879995915574
0.729497251008292 0.000000000000000 -0.910879995915574
0.729497251008292 0.205757782672985 -0.910879995915574
0.729497251008292 0.401894422136599 -0.910879995915574
0.729497251008292 0.579238561396011 -0.910879995915574
0.729497251008292 0.729497251008292 -0.910879995915574
0.729497251008292 0.845642786524874 -0.910879995915574
0.729497251008292 0.922234566047589 -0.910879995915574
0.729497251008292 0.955439997957787 -0.910879995915574
0.845642786524874 -0.955439997957787 -0.910879995915574
0.845642786524874 -0.922234566047589 -0.910879995915574
0.845642786524874 -0.845642786524874 -0.910879995915574
0.845642786524874 -0.729497251008292 -0.910879995915574
0.845642786524874 -0.579238561396011 -0.910879995915574
0.845642786524874 -0.401894422136599 -0.910879995915574
0.845642786524874 -0.205757782672985 -0.910879995915574
0.845642786524874 0.000000000000000 -0.910879995915574
0.845642786524874 0.205757782672985 -0.910879995915574
0.845642786524874 0.401894422136599 -0.910879995915574
0.845642786524874 0.579238561396011 -0.910879995915574
0.845642786524874 0.729497251008292 -0.910879995915574
0.845642786524874 0.845642786524874 -0.910879995915574
0.845642786524874 0.922234566047589 -0.910879995915574
0.845642786524874 0.955439997957787 -0.910879995915574
0.922234566047589 -0.955439997957787 -0.910879995915574
0.922234566047589 -0.922234566047589 -0.910879995915574
0.922234566047589 -0.845642786524874 -0.910879995915574
0.922234566047589 -0.729497251008292 -0.910879995915574
0.922234566047589 -0.579238561396011 -0.910879995915574
0.922234566047589 -0.401894422136599 -0.910879995915574
0.922234566047589 -0.205757782672985 -0.910879995915574
0.922234566047589 0.000000000000000 -0.910879995915574
0.922234566047589 0.205757782672985 -0.910879995915574
0.922234566047589 0.401894422136599 -0.910879995915574
0.922234566047589 0.579238561396011 -0.910879995915574
0.922234566047589 0.729497251008292 -0.910879995915574
0.922234566047589 0.845642786524874 -0.910879995915574
0.922234566047589 0.922234566047589 -0.910879995915574
0.922234566047589 0.955439997957787 -0.910879995915574
0.955439997957787 -0.955439997957787 -0.910879995915574
0.955439997957787 -0.922234566047589 -0.910879995915574
0.955439997957787 -0.845642786524874 -0.910879995915574
0.955439997957787 -0.729497251008292 -0.910879995915574
0.955439997957787 -0.579238561396011 -0.910879995915574
0.955439997957787 -0.401894422136599 -0.910879995915574
0.955439997957787 -0.205757782672985 -0.910879995915574
0.955439997957787 0.000000000000000 -0.910879995915574
0.955439997957787 0.205757782672985 -0.910879995915574
0.955439997957787 0.401894422136599 -0.910879995915574
0.955439997957787 0.579238561396011 -0.910879995915574
0.955439997957787 0.729497251008292 -0.910879995915574
0.955439997957787 0.845642786524874 -0.910879995915574
0.955439997957787 0.922234566047589 -0.910879995915574
0.955439997957787 0.955439997957787 -0.910879995915574
-0.907848125610885 -0.907848125610885 -0.815696251221770
-0.907848125610885 -0.871475231554083 -0.815696251221770
-0.907848125610885 -0.787831560123032 -0.815696251221770
-0.907848125610885 -0.661701991501692 -0.815696251221770
-0.907848125610885 -0.499896949836269 -0.815696251221770
-0.907848125610885 -0.311141353115022 -0.815696251221770
-0.907848125610885 -0.105611669114882 -0.815696251221770
-0.907848125610885 0.105611669114882 -0.815696251221770
-0.907848125610885 0.311141353115022 -0.815696251221770
-0.907848125610885 0.499896949836269 -0.815696251221770
-0.907848125610885 0.661701991501692 -0.815696251221770
-0.907848125610885 0.787831560123032 -0.815696251221770
-0.907848125610885 0.871475231554083 -0.815696251221770
-0.907848125610885 0.907848125610885 -0.815696251221770
-0.871475231554083 -0.907848125610885 -0.815696251221770
-0.871475231554083 -0.871475231554083 -0.815696251221770
-0.871475231554083 -0.787831560123032 -0.815696251221770
-0.871475231554083 -0.661701991501692 -0.815696251221770
-0.871475231554083 -0.499896949836269 -0.815696251221770
-0.871475231554083 -0.311141353115022 -0.815696251221770
-0.871475231554083 -0.105611669114882 -0.815696251221770
-0.871475231554083 0.105611669114882 -0.815696251221770
-0.871475231554083 0.311141353115022 -0.815696251221770
-0.871475231554083 0.499896949836269 -0.815696251221770
-0.871475231554083 0.661701991501692 -0.815696251221770
-0.871475231554083 0.787831560123032 -0.815696251221770
-0.871475231554083 0.871475231554083 -0.815696251221770
-0.871475231554083 0.907848125610885 -0.815696251221770
-0.787831560123032 -0.907848125610885 -0.815696251221770
-0.787831560123032 -0.871475231554083 -0.815696251221770
-0.787831560123032 -0.787831560123032 -0.815696251221770
-0.787831560123032 -0.661701991501692 -0.815696251221770
-0.787831560123032 -0.499896949836269 -0.815696251221770
-0.787831560123032 -0.311141353115022 -0.815696251221770
-0.787831560123032 -0.105611669114882 -0.815696251221770
-0.787831560123032 0.105611669114882 -0.815696251221770
-0.787831560123032 0.311141353115022 -0.815696251221770
-0.787831560123032 0.499896949836269 -0.815696251221770
-0.787831560123032 0.661701991501692 -0.815696251221770
-0.787831560123032 0.787831560123032 -0.815696251221770
-0.787831560123032 0.871475231554083 -0.815696251221770
-0.787831560123032 0.907848125610885 -0.815696251221770
-0.661701991501692 -0.907848125610885 -0.815696251221770
-0.661701991501692 -0.871475231554083 -0.815696251221770
-0.661701991501692 -0.787831560123032 -0.815696251221770
-0.661701991501692 -0.661701991501692 -0.815696251221770
-0.661701991501692 -0.499896949836269 -0.815696251221770
-0.661701991501692 -0.311141353115022 -0.815696251221770
-0.661701991501692 -0.105611669114882 -0.815696251221770
-0.661701991501692 0.105611669114882 -0.815696251221770
-0.661701991501692 0.311141353115022 -0.815696251221770
-0.661701991501692 0.499896949836269 -0.815696251221770
-0.661701991501692 0.661701991501692 -0.815696251221770
-0.661701991501692 0.787831560123032 -0.815696251221770
-0.661701991501692 0.871475231554083 -0.815696251221770
-0.661701991501692 0.907848125610885 -0.815696251221770
-0.499896949836269 -0.907848125610885 -0.815696251221770
-0.499896949836269 -0.871475231554083 -0.815696251221770
-0.499896949836269 -0.787831560123032 -0.815696251221770
-0.499896949836269 -0.661701991501692 -0.815696251221770
-0.499896949836269 -0.499896949836269 -0.815696251221770
-0.499896949836269 -0.311141353115022 -0.815696251221770
-0.499896949836269 -0.105611669114882 -0.815696251221770
-0.499896949836269 0.105611669114882 -0.815696251221770
-0.499896949836269 0.311141353115022 -0.815696251221770
-0.499896949836269 0.499896949836269 -0.815696251221770
-0.499896949836269 0.661701991501692 -0.815696251221770
-0.499896949836269 0.787831560123032 -0.815696251221770
-0.499896949836269 0.871475231554083 -0.815696251221770
-0.499896949836269 0.907848125610885 -0.815696251221770
-0.311141353115022 -0.907848125610885 -0.815696251221770
-0.311141353115022 -0.871475231554083 -0.815696251221770
-0.311141353115022 -0.787831560123032 -0.815696251221770
-0.311141353115022 -0.661701991501692 -0.815696251221770
-0.311141353115022 -0.499896949836269 -0.815696251221770
-0.311141353115022 -0.311141353115022 -0.815696251221770
-0.311141353115022 -0.105611669114882 -0.815696251221770
-0.311141353115022 0.105611669114882 -0.815696251221770
-0.311141353115022 0.311141353115022 -0.815696251221770
-0.311141353115022 0.499896949836269 -0.815696251221770
-0.311141353115022 0.661701991501692 -0.815696251221770
-0.311141353115022 0.787831560123032 -0.815696251221770
-0.311141353115022 0.871475231554083 -0.815696251221770
-0.311141353115022 0.907848125610885 -0.815696251221770
-0.105611669114882 -0.907848125610885 -0.815696251221770
-0.105611669114882 -0.871475231554083 -0.815696251221770
-0.105611669114882 -0.787831560123032 -0.815696251221770
-0.105611669114882 -0.661701991501692 -0.815696251221770
-0.105611669114882 -0.499896949836269 -0.815696251221770
-0.105611669114882 -0.311141353115022 -0.815696251221770
-0.105611669114882 -0.105611669114882 -0.815696251221770
-0.105611669114882 0.105611669114882 -0.815696251221770
-0.105611669114882 0.311141353115022 -0.815696251221770
-0.105611669114882 0.499896949836269 -0.815696251221770
-0.105611669114882 0.661701991501692 -0.815696251221770
-0.105611669114882 0.787831560123032 -0.815696251221770
-0.105611669114882 0.871475231554083 -0.815696251221770
-0.105611669114882 0.907848125610885 -0.815696251221770
0.105611669114882 -0.907848125610885 -0.815696251221770
0.105611669114882 -0.871475231554083 -0.815696251221770
0.105611669114882 -0.787831560123032 -0.815696251221770
0.105611669114882 -0.661701991501692 -0.815696251221770
0.105611669114882 -0.499896949836269 -0.815696251221770
0.105611669114882 -0.311141353115022 -0.815696251221770
0.105611669114882 -0.105611669114882 -0.815696251221770
0.105611669114882 0.105611669114882 -0.815696251221770
0.105611669114882 0.311141353115022 -0.815696251221770
0.105611669114882 0.499896949836269 -0.815696251221770
0.105611669114882 0.661701991501692 -0.815696251221770
0.105611669114882 0.787831560123032 -0.815696251221770
0.105611669114882 0.871475231554083 -0.815696251221770
0.105611669114882 0.907848125610885 -0.815696251221770
0.311141353115022 -0.907848125610885 -0.815696251221770
0.311141353115022 -0.871475231554083 -0.815696251221770
0.311141353115022 -0.787831560123032 -0.815696251221770
0.311141353115022 -0.661701991501692 -0.815696251221770
0.311141353115022 -0.499896949836269 -0.815696251221770
0.311141353115022 -0.311141353115022 -0.815696251221770
0.311141353115022 -0.105611669114882 -0.815696251221770
0.311141353115022 0.105611669114882 -0.815696251221770
0.311141353115022 0.311141353115022 -0.815696251221770
0.311141353115022 0.499896949836269 -0.815696251221770
0.311141353115022 0.661701991501692 -0.815696251221770
0.311141353115022 0.787831560123032 -0.815696251221770
0.311141353115022 0.871475231554083 -0.815696251221770
0.311141353115022 0.907848125610885 -0.815696251221770
0.499896949836269 -0.907848125610885 -0.815696251221770
0.499896949836269 -0.871475231554083 -0.815696251221770
0.499896949836269 -0.787831560123032 -0.815696251221770
0.499896949836269 -0.661701991501692 -0.815696251221770
0.499896949836269 -0.499896949836269 -0.815696251221770
0.499896949836269 -0.311141353115022 -0.815696251221770
0.499896949836269 -0.105611669114882 -0.815696251221770
0.499896949836269 0.105611669114882 -0.815696251221770
0.499896949836269 0.311141353115022 -0.815696251221770
0.499896949836269 0.499896949836269 -0.815696251221770
0.499896949836269 0.661701991501692 -0.815696251221770
0.499896949836269 0.787831560123032 -0.815696251221770
0.499896949836269 0.871475231554083 -0.815696251221770
0.499896949836269 0.907848125610885 -0.815696251221770
0.661701991501692 -0.907848125610885 -0.815696251221770
0.661701991501692 -0.871475231554083 -0.815696251221770
0.661701991501692 -0.787831560123032 -0.815696251221770
0.661701991501692 -0.661701991501692 -0.815696251221770
0.661701991501692 -0.499896949836269 -0.815696251221770
0.661701991501692 -0.311141353115022 -0.815696251221770
0.661701991501692 -0.105611669114882 -0.815696251221770
0.661701991501692 0.105611669114882 -0.815696251221770
0.661701991501692 0.311141353115022 -0.815696251221770
0.661701991501692 0.499896949836269 -0.815696251221770
0.661701991501692 0.661701991501692 -0.815696251221770
0.661701991501692 0.787831560123032 -0.815696251221770
0.661701991501692 0.871475231554083 -0.815696251221770
0.661701991501692 0.907848125610885 -0.815696251221770
0.787831560123032 -0.907848125610885 -0.815696251221770
0.787831560123032 -0.871475231554083 -0.815696251221770
0.787831560123032 -0.787831560123032 -0.815696251221770
0.787831560123032 -0.661701991501692 -0.815696251221770
0.787831560123032 -0.499896949836269 -0.815696251221770
0.787831560123032 -0.311141353115022 -0.815696251221770
0.787831560123032 -0.105611669114882 -0.815696251221770
0.787831560123032 0.105611669114882 -0.815696251221770
0.787831560123032 0.311141353115022 -0.815696251221770
0.787831560123032 0.499896949836269 -0.815696251221770
0.787831560123032 0.661701991501692 -0.815696251221770
0.787831560123032 0.787831560123032 -0.815696251221770
0.787831560123032 0.871475231554083 -0.815696251221770
0.787831560123032 0.907848125610885 -0.815696251221770
0.871475231554083 -0.907848125610885 -0.815696251221770
0.871475231554083 -0.871475231554083 -0.815696251221770
0.871475231554083 -0.787831560123032 -0.815696251221770
0.871475231554083 -0.661701991501692 -0.815696251221770
0.871475231554083 -0.499896949836269 -0.815696251221770
0.871475231554083 -0.311141353115022 -0.815696251221770
0.871475231554083 -0.105611669114882 -0.815696251221770
0.871475231554083 0.105611669114882 -0.815696251221770
0.871475231554083 0.311141353115022 -0.815696251221770
0.871475231554083 0.499896949836269 -0.815696251221770
0.871475231554083 0.661701991501692 -0.815696251221770
0.871475231554083 0.787831560123032 -0.815696251221770
0.871475231554083 0.871475231554083 -0.815696251221770
0.871475231554083 0.907848125610885 -0.815696251221770
0.907848125610885 -0.907848125610885 -0.815696251221770
0.907848125610885 -0.871475231554083 -0.815696251221770
0.907848125610885 -0.787831560123032 -0.815696251221770
0.907848125610885 -0.661701991501692 -0.815696251221770
0.907848125610885 -0.499896949836269 -0.815696251221770
0.907848125610885 -0.311141353115022 -0.815696251221770
0.907848125610885 -0.105611669114882 -0.815696251221770
0.907848125610885 0.105611669114882 -0.815696251221770
0.907848125610885 0.311141353115022 -0.815696251221770
0.907848125610885 0.499896949836269 -0.815696251221770
0.907848125610885 0.661701991501692 -0.815696251221770
0.907848125610885 0.787831560123032 -0.815696251221770
0.907848125610885 0.871475231554083 -0.815696251221770
0.907848125610885 0.907848125610885 -0.815696251221770
-0.845514490313842 -0.845514490313842 -0.691028980627685
-0.845514490313842 -0.806037289094816 -0.691028980627685
-0.845514490313842 -0.715599129754990 -0.691028980627685
-0.845514490313842 -0.580182293694898 -0.691028980627685
-0.845514490313842 -0.408307251247590 -0.691028980627685
-0.845514490313842 -0.210775711650680 -0.691028980627685
-0.845514490313842 0.000000000000000 -0.691028980627685
-0.845514490313842 0.210775711650680 -0.691028980627685
-0.845514490313842 0.408307251247590 -0.691028980627685
-0.845514490313842 0.580182293694898 -0.691028980627685
-0.845514490313842 0.715599129754990 -0.691028980627685
-0.845514490313842 0.806037289094816 -0.691028980627685
-0.845514490313842 0.845514490313842 -0.691028980627685
-0.806037289094816 -0.845514490313842 -0.691028980627685
-0.806037289094816 -0.806037289094816 -0.691028980627685
-0.806037289094816 -0.715599129754990 -0.691028980627685
-0.806037289094816 -0.580182293694898 -0.691028980627685
-0.806037289094816 -0.408307251247590 -0.691028980627685
-0.806037289094816 -0.210775711650680 -0.691028980627685
-0.806037289094816 0.000000000000000 -0.691028980627685
-0.806037289094816 0.210775711650680 -0.691028980627685
-0.806037289094816 0.408307251247590 -0.691028980627685
-0.806037289094816 0.580182293694898 -0.691028980627685
-0.806037289094816 0.715599129754990 -0.691028980627685
-0.806037289094816 0.806037289094816 -0.691028980627685
-0.806037289094816 0.845514490313842 -0.691028980627685
-0.715599129754990 -0.845514490313842 -0.691028980627685
-0.715599129754990 -0.806037289094816 -0.691028980627685
-0.715599129754990 -0.715599129754990 -0.691028980627685
-0.715599129754990 -0.580182293694898 -0.691028980627685
-0.715599129754990 -0.408307251247590 -0.691028980627685
-0.715599129754990 -0.210775711650680 -0.691028980627685
-0.715599129754990 0.000000000000000 -0.691028980627685
-0.715599129754990 0.210775711650680 -0.691028980627685
-0.715599129754990 0.408307251247590 -0.691028980627685
-0.715599129754990 0.580182293694898 -0.691028980627685
-0.715599129754990 0.715599129754990 -0.691028980627685
-0.715599129754990 0.806037289094816 -0.691028980627685
-0.715599129754990 0.845514490313842 -0.691028980627685
-0.580182293694898 -0.845514490313842 -0.691028980627685
-0.580182293694898 -0.806037289094816 -0.691028980627685
-0.580182293694898 -0.715599129754990 -0.691028980627685
-0.580182293694898 -0.580182293694898 -0.691028980627685
-0.580182293694898 -0.408307251247590 -0.691028980627685
-0.580182293694898 -0.210775711650680 -0.691028980627685
-0.580182293694898 0.000000000000000 -0.691028980627685
-0.580182293694898 0.210775711650680 -0.691028980627685
-0.580182293694898 0.408307251247590 -0.691028980627685
-0.580182293694898 0.580182293694898 -0.691028980627685
-0.580182293694898 0.715599129754990 -0.691028980627685
-0.580182293694898 0.806037289094816 -0.691028980627685
-0.580182293694898 0.845514490313842 -0.691028980627685
-0.408307251247590 -0.845514490313842 -0.691028980627685
-0.408307251247590 -0.806037289094816 -0.691028980627685
-0.408307251247590 -0.715599129754990 -0.691028980627685
-0.408307251247590 -0.580182293694898 -0.691028980627685
-0.408307251247590 -0.408307251247590 -0.691028980627685
-0.408307251247590 -0.210775711650680 -0.691028980627685
-0.408307251247590 0.000000000000000 -0.691028980627685
-0.408307251247590 0.210775711650680 -0.691028980627685
-0.408307251247590 0.408307251247590 -0.691028980627685
-0.408307251247590 0.580182293694898 -0.691028980627685
-0.408307251247590 0.715599129754990 -0.691028980627685
-0.408307251247590 0.806037289094816 -0.691028980627685
-0.408307251247590 0.845514490313842 -0.691028980627685
-0.210775711650680 -0.845514490313842 -0.691028980627685
-0.210775711650680 -0.806037289094816 -0.691028980627685
-0.210775711650680 -0.715599129754990 -0.691028980627685
-0.210775711650680 -0.580182293694898 -0.691028980627685
-0.210775711650680 -0.408307251247590 -0.691028980627685
-0.210775711650680 -0.210775711650680 -0.691028980627685
-0.210775711650680 0.000000000000000 -0.691028980627685
-0.210775711650680 0.210775711650680 -0.691028980627685
-0.210775711650680 0.408307251247590 -0.691028980627685
-0.210775711650680 0.580182293694898 -0.691028980627685
-0.210775711650680 0.715599129754990 -0.691028980627685
-0.210775711650680 0.806037289094816 -0.691028980627685
-0.210775711650680 0.845514490313842 -0.691028980627685
0.000000000000000 -0.845514490313842 -0.691028980627685
0.000000000000000 -0.806037289094816 -0.691028980627685
0.000000000000000 -0.715599129754990 -0.691028980627685
0.000000000000000 -0.580182293694898 -0.691028980627685
0.000000000000000 -0.408307251247590 -0.691028980627685
0.000000000000000 -0.210775711650680 -0.691028980627685
0.000000000000000 0.000000000000000 -0.691028980627685
0.000000000000000 0.210775711650680 -0.691028980627685
0.000000000000000 0.408307251247590 -0.691028980627685
0.000000000000000 0.580182293694898 -0.691028980627685
0.000000000000000 0.715599129754990 -0.691028980627685
0.000000000000000 0.806037289094816 -0.691028980627685
0.000000000000000 0.845514490313842 -0.691028980627685
0.210775711650680 -0.845514490313842 -0.691028980627685
0.210775711650680 -0.806037289094816 -0.691028980627685
0.210775711650680 -0.715599129754990 -0.691028980627685
0.210775711650680 -0.580182293694898 -0.691028980627685
0.210775711650680 -0.408307251247590 -0.691028980627685
0.210775711650680 -0.210775711650680 -0.691028980627685
0.210775711650680 0.000000000000000 -0.691028980627685
0.210775711650680 0.210775711650680 -0.691028980627685
0.210775711650680 0.408307251247590 -0.691028980627685
0.210775711650680 0.580182293694898 -0.691028980627685
0.210775711650680 0.715599129754990 -0.691028980627685
0.210775711650680 0.806037289094816 -0.691028980627685
0.210775711650680 0.845514490313842 -0.691028980627685
0.408307251247590 -0.845514490313842 -0.691028980627685
0.408307251247590 -0.806037289094816 -0.691028980627685
0.408307251247590 -0.715599129754990 -0.691028980627685
0.408307251247590 -0.580182293694898 -0.691028980627685
0.408307251247590 -0.408307251247590 -0.691028980627685
0.408307251247590 -0.210775711650680 -0.691028980627685
0.408307251247590 0.000000000000000 -0.691028980627685
0.408307251247590 0.210775711650680 -0.691028980627685
0.408307251247590 0.408307251247590 -0.691028980627685
0.408307251247590 0.580182293694898 -0.691028980627685
0.408307251247590 0.715599129754990 -0.691028980627685
0.408307251247590 0.806037289094816 -0.691028980627685
0.408307251247590 0.845514490313842 -0.691028980627685
0.580182293694898 -0.845514490313842 -0.691028980627685
0.580182293694898 -0.806037289094816 -0.691028980627685
0.580182293694898 -0.715599129754990 -0.691028980627685
0.580182293694898 -0.580182293694898 -0.691028980627685
0.580182293694898 -0.408307251247590 -0.691028980627685
0.580182293694898 -0.210775711650680 -0.691028980627685
0.580182293694898 0.000000000000000 -0.691028980627685
0.580182293694898 0.210775711650680 -0.691028980627685
0.580182293694898 0.408307251247590 -0.691028980627685
0.580182293694898 0.580182293694898 -0.691028980627685
0.580182293694898 0.715599129754990 -0.691028980627685
0.580182293694898 0.806037289094816 -0.691028980627685
0.580182293694898 0.845514490313842 -0.691028980627685
0.715599129754990 -0.845514490313842 -0.691028980627685
0.715599129754990 -0.806037289094816 -0.691028980627685
0.715599129754990 -0.715599129754990 -0.691028980627685
0.715599129754990 -0.580182293694898 -0.691028980627685
0.715599129754990 -0.408307251247590 -0.691028980627685
0.715599129754990 -0.210775711650680 -0.691028980627685
0.715599129754990 0.000000000000000 -0.691028980627685
0.715599129754990 0.210775711650680 -0.691028980627685
0.715599129754990 0.408307251247590 -0.691028980627685
0.715599129754990 0.580182293694898 -0.691028980627685
0.715599129754990 0.715599129754990 -0.691028980627685
0.715599129754990 0.806037289094816 -0.691028980627685
0.715599129754990 0.845514490313842 -0.691028980627685
0.806037289094816 -0.845514490313842 -0.691028980627685
0.806037289094816 -0.806037289094816 -0.691028980627685
0.806037289094816 -0.715599129754990 -0.691028980627685
0.806037289094816 -0.580182293694898 -0.691028980627685
0.806037289094816 -0.408307251247590 -0.691028980627685
0.806037289094816 -0.210775711650680 -0.691028980627685
0.806037289094816 0.000000000000000 -0.691028980627685
0.806037289094816 0.210775711650680 -0.691028980627685
0.806037289094816 0.408307251247590 -0.691028980627685
0.806037289094816 0.580182293694898 -0.691028980627685
0.806037289094816 0.715599129754990 -0.691028980627685
0.806037289094816 0.806037289094816 -0.691028980627685
0.806037289094816 0.845514490313842 -0.691028980627685
0.845514490313842 -0.845514490313842 -0.691028980627685
0.845514490313842 -0.806037289094816 -0.691028980627685
0.845514490313842 -0.715599129754990 -0.691028980627685
0.845514490313842 -0.580182293694898 -0.691028980627685
0.845514490313842 -0.408307251247590 -0.691028980627685
0.845514490313842 -0.210775711650680 -0.691028980627685
0.845514490313842 0.000000000000000 -0.691028980627685
0.845514490313842 0.210775711650680 -0.691028980627685
0.845514490313842 0.408307251247590 -0.691028980627685
0.845514490313842 0.580182293694898 -0.691028980627685
0.845514490313842 0.715599129754990 -0.691028980627685
0.845514490313842 0.806037289094816 -0.691028980627685
0.845514490313842 0.845514490313842 -0.691028980627685
-0.770692699665051 -0.770692699665051 -0.541385399330102
-0.770692699665051 -0.728226971020995 -0.541385399330102
-0.770692699665051 -0.631412592177571 -0.541385399330102
-0.770692699665051 -0.487753030933757 -0.541385399330102
-0.770692699665051 -0.307915579492303 -0.541385399330102
-0.770692699665051 -0.105240348469145 -0.541385399330102
-0.770692699665051 0.105240348469145 -0.541385399330102
-0.770692699665051 0.307915579492303 -0.541385399330102
-0.770692699665051 0.487753030933757 -0.541385399330102
-0.770692699665051 0.631412592177571 -0.541385399330102
-0.770692699665051 0.728226971020995 -0.541385399330102
-0.770692699665051 0.770692699665051 -0.541385399330102
-0.728226971020995 -0.770692699665051 -0.541385399330102
-0.728226971020995 -0.728226971020995 -0.541385399330102
-0.728226971020995 -0.631412592177571 -0.541385399330102
-0.728226971020995 -0.487753030933757 -0.541385399330102
-0.728226971020995 -0.307915579492303 -0.541385399330102
-0.728226971020995 -0.105240348469145 -0.541385399330102
-0.728226971020995 0.105240348469145 -0.541385399330102
-0.728226971020995 0.307915579492303 -0.541385399330102
-0.728226971020995 0.487753030933757 -0.541385399330102
-0.728226971020995 0.631412592177571 -0.541385399330102
-0.728226971020995 0.728226971020995 -0.541385399330102
-0.728226971020995 0.770692699665051 -0.541385399330102
-0.631412592177571 -0.770692699665051 -0.541385399330102
-0.631412592177571 -0.728226971020995 -0.541385399330102
-0.631412592177571 -0.631412592177571 -0.541385399330102
-0.631412592177571 -0.487753030933757 -0.541385399330102
-0.631412592177571 -0.307915579492303 -0.541385399330102
-0.631412592177571 -0.105240348469145 -0.541385399330102
-0.631412592177571 0.105240348469145 -0.541385399330102
-0.631412592177571 0.307915579492303 -0.541385399330102
-0.631412592177571 0.487753030933757 -0.541385399330102
-0.631412592177571 0.631412592177571 -0.541385399330102
-0.631412592177571 0.728226971020995 -0.541385399330102
-0.631412592177571 0.770692699665051 -0.541385399330102
-0.487753030933757 -0.770692699665051 -0.541385399330102
-0.487753030933757 -0.728226971020995 -0.541385399330102
-0.487753030933757 -0.631412592177571 -0.541385399330102
-0.487753030933757 -0.487753030933757 -0.541385399330102
-0.487753030933757 -0.307915579492303 -0.541385399330102
-0.487753030933757 -0.105240348469145 -0.541385399330102
-0.487753030933757 0.105240348469145 -0.541385399330102
-0.487753030933757 0.307915579492303 -0.541385399330102
-0.487753030933757 0.487753030933757 -0.541385399330102
-0.487753030933757 0.631412592177571 -0.541385399330102
-0.487753030933757 0.728226971020995 -0.541385399330102
-0.487753030933757 0.770692699665051 -0.541385399330102
-0.307915579492303 -0.770692699665051 -0.541385399330102
-0.307915579492303 -0.728226971020995 -0.541385399330102
-0.307915579492303 -0.631412592177571 -0.541385399330102
-0.307915579492303 -0.487753030933757 -0.541385399330102
-0.307915579492303 -0.307915579492303 -0.541385399330102
-0.307915579492303 -0.105240348469145 -0.541385399330102
-0.307915579492303 0.105240348469145 -0.541385399330102
-0.307915579492303 0.307915579492303 -0.541385399330102
-0.307915579492303 0.487753030933757 -0.541385399330102
-0.307915579492303 0.631412592177571 -0.541385399330102
-0.307915579492303 0.728226971020995 -0.541385399330102
-0.307915579492303 0.770692699665051 -0.541385399330102
-0.105240348469145 -0.770692699665051 -0.541385399330102
-0.105240348469145 -0.728226971020995 -0.541385399330102
-0.105240348469145 -0.631412592177571 -0.541385399330102
-0.105240348469145 -0.487753030933757 -0.541385399330102
-0.105240348469145 -0.307915579492303 -0.541385399330102
-0.105240348469145 -0.105240348469145 -0.541385399330102
-0.105240348469145 0.105240348469145 -0.541385399330102
-0.105240348469145 0.307915579492303 -0.541385399330102
-0.105240348469145 0.487753030933757 -0.541385399330102
-0.105240348469145 0.631412592177571 -0.541385399330102
-0.105240348469145 0.728226971020995 -0.541385399330102
-0.105240348469145 0.770692699665051 -0.541385399330102
0.105240348469145 -0.770692699665051 -0.541385399330102
0.105240348469145 -0.728226971020995 -0.541385399330102
0.105240348469145 -0.631412592177571 -0.541385399330102
0.105240348469145 -0.487753030933757 -0.541385399330102
0.105240348469145 -0.307915579492303 -0.541385399330102
0.105240348469145 -0.105240348469145 -0.541385399330102
0.105240348469145 0.105240348469145 -0.541385399330102
0.105240348469145 0.307915579492303 -0.541385399330102
0.105240348469145 0.487753030933757 -0.541385399330102
0.105240348469145 0.631412592177571 -0.541385399330102
0.105240348469145 0.728226971020995 -0.541385399330102
0.105240348469145 0.770692699665051 -0.541385399330102
0.307915579492303 -0.770692699665051 -0.541385399330102
0.307915579492303 -0.728226971020995 -0.541385399330102
0.307915579492303 -0.631412592177571 -0.541385399330102
0.307915579492303 -0.487753030933757 -0.541385399330102
0.307915579492303 -0.307915579492303 -0.541385399330102
0.307915579492303 -0.105240348469145 -0.541385399330102
0.307915579492303 0.105240348469145 -0.541385399330102
0.307915579492303 0.307915579492303 -0.541385399330102
0.307915579492303 0.487753030933757 -0.541385399330102
0.307915579492303 0.631412592177571 -0.541385399330102
0.307915579492303 0.728226971020995 -0.541385399330102
0.307915579492303 0.770692699665051 -0.541385399330102
0.487753030933757 -0.770692699665051 -0.541385399330102
0.487753030933757 -0.728226971020995 -0.541385399330102
0.487753030933757 -0.631412592177571 -0.541385399330102
0.487753030933757 -0.487753030933757 -0.541385399330102
0.487753030933757 -0.307915579492303 -0.541385399330102
0.487753030933757 -0.105240348469145 -0.541385399330102
0.487753030933757 0.105240348469145 -0.541385399330102
0.487753030933757 0.307915579492303 -0.541385399330102
0.487753030933757 0.487753030933757 -0.541385399330102
0.487753030933757 0.631412592177571 -0.541385399330102
0.487753030933757 0.728226971020995 -0.541385399330102
0.487753030933757 0.770692699665051 -0.541385399330102
0.631412592177571 -0.770692699665051 -0.541385399330102
0.631412592177571 -0.728226971020995 -0.541385399330102
0.631412592177571 -0.631412592177571 -0.541385399330102
0.631412592177571 -0.487753030933757 -0.541385399330102
0.631412592177571 -0.307915579492303 -0.541385399330102
0.631412592177571 -0.105240348469145 -0.541385399330102
0.631412592177571 0.105240348469145 -0.541385399330102
0.631412592177571 0.307915579492303 -0.541385399330102
0.631412592177571 0.487753030933757 -0.541385399330102
0.631412592177571 0.631412592177571 -0.541385399330102
0.631412592177571 0.728226971020995 -0.541385399330102
0.631412592177571 0.770692699665051 -0.541385399330102
0.728226971020995 -0.770692699665051 -0.541385399330102
0.728226971020995 -0.728226971020995 -0.541385399330102
0.728226971020995 -0.631412592177571 -0.541385399330102
0.728226971020995 -0.487753030933757 -0.541385399330102
0.728226971020995 -0.307915579492303 -0.541385399330102
0.728226971020995 -0.105240348469145 -0.541385399330102
0.728226971020995 0.105240348469145 -0.541385399330102
0.728226971020995 0.307915579492303 -0.541385399330102
0.728226971020995 0.487753030933757 -0.541385399330102
0.728226971020995 0.631412592177571 -0.541385399330102
0.728226971020995 0.728226971020995 -0.541385399330102
0.728226971020995 0.770692699665051 -0.541385399330102
0.770692699665051 -0.770692699665051 -0.541385399330102
0.770692699665051 -0.728226971020995 -0.541385399330102
0.770692699665051 -0.631412592177571 -0.541385399330102
0.770692699665051 -0.487753030933757 -0.541385399330102
0.770692699665051 -0.307915579492303 -0.541385399330102
0.770692699665051 -0.105240348469145 -0.541385399330102
0.770692699665051 0.105240348469145 -0.541385399330102
0.770692699665051 0.307915579492303 -0.541385399330102
0.770692699665051 0.487753030933757 -0.541385399330102
0.770692699665051 0.631412592177571 -0.541385399330102
0.770692699665051 0.728226971020995 -0.541385399330102
0.770692699665051 0.770692699665051 -0.541385399330102
-0.686087216782739 -0.686087216782739 -0.372174433565477
-0.686087216782739 -0.640806441859762 -0.372174433565477
-0.686087216782739 -0.538224083057602 -0.372174433565477
-0.686087216782739 -0.387800732326107 -0.372174433565477
-0.686087216782739 -0.202915876085695 -0.372174433565477
-0.686087216782739 0.000000000000000 -0.372174433565477
-0.686087216782739 0.202915876085695 -0.372174433565477
-0.686087216782739 0.387800732326107 -0.372174433565477
-0.686087216782739 0.538224083057602 -0.372174433565477
-0.686087216782739 0.640806441859762 -0.372174433565477
-0.686087216782739 0.686087216782739 -0.372174433565477
-0.640806441859762 -0.686087216782739 -0.372174433565477
-0.640806441859762 -0.640806441859762 -0.372174433565477
-0.640806441859762 -0.538224083057602 -0.372174433565477
-0.640806441859762 -0.387800732326107 -0.372174433565477
-0.640806441859762 -0.202915876085695 -0.372174433565477
-0.640806441859762 0.000000000000000 -0.372174433565477
-0.640806441859762 0.202915876085695 -0.372174433565477
-0.640806441859762 0.387800732326107 -0.372174433565477
-0.640806441859762 0.538224083057602 -0.372174433565477
-0.640806441859762 0.640806441859762 -0.372174433565477
-0.640806441859762 0.686087216782739 -0.372174433565477
-0.538224083057602 -0.686087216782739 -0.372174433565477
-0.538224083057602 -0.640806441859762 -0.372174433565477
-0.538224083057602 -0.538224083057602 -0.372174433565477
-0.538224083057602 -0.387800732326107 -0.372174433565477
-0.538224083057602 -0.202915876085695 -0.372174433565477
-0.538224083057602 0.000000000000000 -0.372174433565477
-0.538224083057602 0.202915876085695 -0.372174433565477
-0.538224083057602 0.387800732326107 -0.372174433565477
-0.538224083057602 0.538224083057602 -0.372174433565477
-0.538224083057602 0.640806441859762 -0.372174433565477
-0.538224083057602 0.686087216782739 -0.372174433565477
-0.387800732326107 -0.686087216782739 -0.372174433565477
-0.387800732326107 -0.640806441859762 -0.372174433565477
-0.387800732326107 -0.538224083057602 -0.372174433565477
-0.387800732326107 -0.387800732326107 -0.372174433565477
-0.387800732326107 -0.202915876085695 -0.372174433565477
-0.387800732326107 0.000000000000000 -0.372174433565477
-0.387800732326107 0.202915876085695 -0.372174433565477
-0.387800732326107 0.387800732326107 -0.372174433565477
-0.387800732326107 0.538224083057602 -0.372174433565477
-0.387800732326107 0.640806441859762 -0.372174433565477
-0.387800732326107 0.686087216782739 -0.372174433565477
-0.202915876085695 -0.686087216782739 -0.372174433565477
-0.202915876085695 -0.640806441859762 -0.372174433565477
-0.202915876085695 -0.538224083057602 -0.372174433565477
-0.202915876085695 -0.387800732326107 -0.372174433565477
-0.202915876085695 -0.202915876085695 -0.372174433565477
-0.202915876085695 0.000000000000000 -0.372174433565477
-0.202915876085695 0.202915876085695 -0.372174433565477
-0.202915876085695 0.387800732326107 -0.372174433565477
-0.202915876085695 0.538224083057602 -0.372174433565477
-0.202915876085695 0.640806441859762 -0.372174433565477
-0.202915876085695 0.686087216782739 -0.372174433565477
0.000000000000000 -0.686087216782739 -0.372174433565477
0.000000000000000 -0.640806441859762 -0.372174433565477
0.000000000000000 -0.538224083057602 -0.372174433565477
0.000000000000000 -0.387800732326107 -0.372174433565477
0.000000000000000 -0.202915876085695 -0.372174433565477
0.000000000000000 0.000000000000000 -0.372174433565477
0.000000000000000 0.202915876085695 -0.372174433565477
0.000000000000000 0.387800732326107 -0.372174433565477
0.000000000000000 0.538224083057602 -0.372174433565477
0.000000000000000 0.640806441859762 -0.372174433565477
0.000000000000000 0.686087216782739 -0.372174433565477
0.202915876085695 -0.686087216782739 -0.372174433565477
0.202915876085695 -0.640806441859762 -0.372174433565477
0.202915876085695 -0.538224083057602 -0.372174433565477
0.202915876085695 -0.387800732326107 -0.372174433565477
0.202915876085695 -0.202915876085695 -0.372174433565477
0.202915876085695 0.000000000000000 -0.372174433565477
0.202915876085695 0.202915876085695 -0.372174433565477
0.202915876085695 0.387800732326107 -0.372174433565477
0.202915876085695 0.538224083057602 -0.372174433565477
0.202915876085695 0.640806441859762 -0.372174433565477
0.202915876085695 0.686087216782739 -0.372174433565477
0.387800732326107 -0.686087216782739 -0.372174433565477
0.387800732326107 -0.640806441859762 -0.372174433565477
0.387800732326107 -0.538224083057602 -0.372174433565477
0.387800732326107 -0.387800732326107 -0.372174433565477
0.387800732326107 -0.202915876085695 -0.372174433565477
0.387800732326107 0.000000000000000 -0.372174433565477
0.387800732326107 0.202915876085695 -0.372174433565477
0.387800732326107 0.387800732326107 -0.372174433565477
0.387800732326107 0.538224083057602 -0.372174433565477
0.387800732326107 0.640806441859762 -0.372174433565477
0.387800732326107 0.686087216782739 -0.372174433565477
0.538224083057602 -0.686087216782739 -0.372174433565477
0.538224083057602 -0.640806441859762 -0.372174433565477
0.538224083057602 -0.538224083057602 -0.372174433565477
0.538224083057602 -0.387800732326107 -0.372174433565477
0.538224083057602 -0.202915876085695 -0.372174433565477
0.538224083057602 0.000000000000000 -0.372174433565477
0.538224083057602 0.202915876085695 -0.372174433565477
0.538224083057602 0.387800732326107 -0.372174433565477
0.538224083057602 0.538224083057602 -0.372174433565477
0.538224083057602 0.640806441859762 -0.372174433565477
0.538224083057602 0.686087216782739 -0.372174433565477
0.640806441859762 -0.686087216782739 -0.372174433565477
0.640806441859762 -0.640806441859762 -0.372174433565477
0.640806441859762 -0.538224083057602 -0.372174433565477
0.640806441859762 -0.387800732326107 -0.372174433565477
0.640806441859762 -0.202915876085695 -0.372174433565477
0.640806441859762 0.000000000000000 -0.372174433565477
0.640806441859762 0.202915876085695 -0.372174433565477
0.640806441859762 0.387800732326107 -0.372174433565477
0.640806441859762 0.538224083057602 -0.372174433565477
0.640806441859762 0.640806441859762 -0.372174433565477
0.640806441859762 0.686087216782739 -0.372174433565477
0.686087216782739 -0.686087216782739 -0.372174433565477
0.686087216782739 -0.640806441859762 -0.372174433565477
0.686087216782739 -0.538224083057602 -0.372174433565477
0.686087216782739 -0.387800732326107 -0.372174433565477
0.686087216782739 -0.202915876085695 -0.372174433565477
0.686087216782739 0.000000000000000 -0.372174433565477
0.686087216782739 0.202915876085695 -0.372174433565477
0.686087216782739 0.387800732326107 -0.372174433565477
0.686087216782739 0.538224083057602 -0.372174433565477
0.686087216782739 0.640806441859762 -0.372174433565477
0.686087216782739 0.686087216782739 -0.372174433565477
-0.594755986759159 -0.594755986759159 -0.189511973518317
-0.594755986759159 -0.546898296910048 -0.189511973518317
-0.594755986759159 -0.439390179132702 -0.189511973518317
-0.594755986759159 -0.284248725121332 -0.189511973518317
-0.594755986759159 -0.098300649557397 -0.189511973518317
-0.594755986759159 0.098300649557397 -0.189511973518317
-0.594755986759159 0.284248725121332 -0.189511973518317
-0.594755986759159 0.439390179132702 -0.189511973518317
-0.594755986759159 0.546898296910048 -0.189511973518317
-0.594755986759159 0.594755986759159 -0.189511973518317
-0.546898296910048 -0.594755986759159 -0.189511973518317
-0.546898296910048 -0.546898296910048 -0.189511973518317
-0.546898296910048 -0.439390179132702 -0.189511973518317
-0.546898296910048 -0.284248725121332 -0.189511973518317
-0.546898296910048 -0.098300649557397 -0.189511973518317
-0.546898296910048 0.098300649557397 -0.189511973518317
-0.546898296910048 0.284248725121332 -0.189511973518317
-0.546898296910048 0.439390179132702 -0.189511973518317
-0.546898296910048 0.546898296910048 -0.189511973518317
-0.546898296910048 0.594755986759159 -0.189511973518317
-0.439390179132702 -0.594755986759159 -0.189511973518317
-0.439390179132702 -0.546898296910048 -0.189511973518317
-0.439390179132702 -0.439390179132702 -0.189511973518317
-0.439390179132702 -0.284248725121332 -0.189511973518317
-0.439390179132702 -0.098300649557397 -0.189511973518317
-0.439390179132702 0.098300649557397 -0.189511973518317
-0.439390179132702 0.284248725121332 -0.189511973518317
-0.439390179132702 0.439390179132702 -0.189511973518317
-0.439390179132702 0.546898296910048 -0.189511973518317
-0.439390179132702 0.594755986759159 -0.189511973518317
-0.284248725121332 -0.594755986759159 -0.189511973518317
-0.284248725121332 -0.546898296910048 -0.189511973518317
-0.284248725121332 -0.439390179132702 -0.189511973518317
-0.284248725121332 -0.284248725121332 -0.189511973518317
-0.284248725121332 -0.098300649557397 -0.189511973518317
-0.284248725121332 0.098300649557397 -0.189511973518317
-0.284248725121332 0.284248725121332 -0.189511973518317
-0.284248725121332 0.439390179132702 -0.189511973518317
-0.284248725121332 0.546898296910048 -0.189511973518317
-0.284248725121332 0.594755986759159 -0.189511973518317
-0.098300649557397 -0.594755986759159 -0.189511973518317
-0.098300649557397 -0.546898296910048 -0.189511973518317
-0.098300649557397 -0.439390179132702 -0.189511973518317
-0.098300649557397 -0.284248725121332 -0.189511973518317
-0.098300649557397 -0.098300649557397 -0.189511973518317
-0.098300649557397 0.098300649557397 -0.189511973518317
-0.098300649557397 0.284248725121332 -0.189511973518317
-0.098300649557397 0.439390179132702 -0.189511973518317
-0.098300649557397 0.546898296910048 -0.189511973518317
-0.098300649557397 0.594755986759159 -0.189511973518317
0.098300649557397 -0.594755986759159 -0.189511973518317
0.098300649557397 -0.546898296910048 -0.189511973518317
0.098300649557397 -0.439390179132702 -0.189511973518317
0.098300649557397 -0.284248725121332 -0.189511973518317
0.098300649557397 -0.098300649557397 -0.189511973518317
0.098300649557397 0.098300649557397 -0.189511973518317
0.098300649557397 0.284248725121332 -0.189511973518317
0.098300649557397 0.439390179132702 -0.189511973518317
0.098300649557397 0.546898296910048 -0.189511973518317
0.098300649557397 0.594755986759159 -0.189511973518317
0.284248725121332 -0.594755986759159 -0.189511973518317
0.284248725121332 -0.546898296910048 -0.189511973518317
0.284248725121332 -0.439390179132702 -0.189511973518317
0.284248725121332 -0.284248725121332 -0.189511973518317
0.284248725121332 -0.098300649557397 -0.189511973518317
0.284248725121332 0.098300649557397 -0.189511973518317
0.284248725121332 0.284248725121332 -0.189511973518317
0.284248725121332 0.439390179132702 -0.189511973518317
0.284248725121332 0.546898296910048 -0.189511973518317
0.284248725121332 0.594755986759159 -0.189511973518317
0.439390179132702 -0.594755986759159 -0.189511973518317
0.439390179132702 -0.546898296910048 -0.189511973518317
0.439390179132702 -0.439390179132702 -0.189511973518317
0.439390179132702 -0.284248725121332 -0.189511973518317
0.439390179132702 -0.098300649557397 -0.189511973518317
0.439390179132702 0.098300649557397 -0.189511973518317
0.439390179132702 0.284248725121332 -0.189511973518317
0.439390179132702 0.439390179132702 -0.189511973518317
0.439390179132702 0.546898296910048 -0.189511973518317
0.439390179132702 0.594755986759159 -0.189511973518317
0.546898296910048 -0.594755986759159 -0.189511973518317
0.546898296910048 -0.546898296910048 -0.189511973518317
0.546898296910048 -0.439390179132702 -0.189511973518317
0.546898296910048 -0.284248725121332 -0.189511973518317
0.546898296910048 -0.098300649557397 -0.189511973518317
0.546898296910048 0.098300649557397 -0.189511973518317
0.546898296910048 0.284248725121332 -0.189511973518317
0.546898296910048 0.439390179132702 -0.189511973518317
0.546898296910048 0.546898296910048 -0.189511973518317
0.546898296910048 0.594755986759159 -0.189511973518317
0.594755986759159 -0.594755986759159 -0.189511973518317
0.594755986759159 -0.546898296910048 -0.189511973518317
0.594755986759159 -0.439390179132702 -0.189511973518317
0.594755986759159 -0.284248725121332 -0.189511973518317
0.594755986759159 -0.098300649557397 -0.189511973518317
0.594755986759159 0.098300649557397 -0.189511973518317
0.594755986759159 0.284248725121332 -0.189511973518317
0.594755986759159 0.439390179132702 -0.189511973518317
0.594755986759159 0.546898296910048 -0.189511973518317
0.594755986759159 0.594755986759159 -0.189511973518317
-0.500000000000000 -0.500000000000000 0.000000000000000
-0.500000000000000 -0.449878997705730 0.000000000000000
-0.500000000000000 -0.338593139755369 0.000000000000000
-0.500000000000000 -0.181558731913089 0.000000000000000
-0.500000000000000 0.000000000000000 0.000000000000000
-0.500000000000000 0.181558731913089 0.000000000000000
-0.500000000000000 0.338593139755369 0.000000000000000
-0.500000000000000 0.449878997705730 0.000000000000000
-0.500000000000000 0.500000000000000 0.000000000000000
-0.449878997705730 -0.500000000000000 0.000000000000000
-0.449878997705730 -0.449878997705730 0.000000000000000
-0.449878997705730 -0.338593139755369 0.000000000000000
-0.449878997705730 -0.181558731913089 0.000000000000000
-0.449878997705730 0.000000000000000 0.000000000000000
-0.449878997705730 0.181558731913089 0.000000000000000
-0.449878997705730 0.338593139755369 0.000000000000000
-0.449878997705730 0.449878997705730 0.000000000000000
-0.449878997705730 0.500000000000000 0.000000000000000
-0.338593139755369 -0.500000000000000 0.000000000000000
-0.338593139755369 -0.449878997705730 0.000000000000000
-0.338593139755369 -0.338593139755369 0.000000000000000
-0.338593139755369 -0.181558731913089 0.000000000000000
-0.338593139755369 0.000000000000000 0.000000000000000
-0.338593139755369 0.181558731913089 0.000000000000000
-0.338593139755369 0.338593139755369 0.000000000000000
-0.338593139755369 0.449878997705730 0.000000000000000
-0.338593139755369 0.500000000000000 0.000000000000000
-0.181558731913089 -0.500000000000000 0.000000000000000
-0.181558731913089 -0.449878997705730 0.000000000000000
-0.181558731913089 -0.338593139755369 0.000000000000000
-0.181558731913089 -0.181558731913089 0.000000000000000
-0.181558731913089 0.000000000000000 0.000000000000000
-0.181558731913089 0.181558731913089 0.000000000000000
-0.181558731913089 0.338593139755369 0.000000000000000
-0.181558731913089 0.449878997705730 0.000000000000000
-0.181558731913089 0.500000000000000 0.000000000000000
0.000000000000000 -0.500000000000000 0.000000000000000
0.000000000000000 -0.449878997705730 0.000000000000000
0.000000000000000 -0.338593139755369 0.000000000000000
0.000000000000000 -0.181558731913089 0.000000000000000
0.000000000000000 0.000000000000000 0.000000000000000
0.000000000000000 0.181558731913089 0.000000000000000
0.000000000000000 0.338593139755369 0.000000000000000
0.000000000000000 0.449878997705730 0.000000000000000
0.000000000000000 0.500000000000000 0.000000000000000
0.181558731913089 -0.500000000000000 0.000000000000000
0.181558731913089 -0.449878997705730 0.000000000000000
0.181558731913089 -0.338593139755369 0.000000000000000
0.181558731913089 -0.181558731913089 0.000000000000000
0.181558731913089 0.000000000000000 0.000000000000000
0.181558731913089 0.181558731913089 0.000000000000000
0.181558731913089 0.338593139755369 0.000000000000000
0.181558731913089 0.449878997705730 0.000000000000000
0.181558731913089 0.500000000000000 0.000000000000000
0.338593139755369 -0.500000000000000 0.000000000000000
0.338593139755369 -0.449878997705730 0.000000000000000
0.338593139755369 -0.338593139755369 0.000000000000000
0.338593139755369 -0.181558731913089 0.000000000000000
0.338593139755369 0.000000000000000 0.000000000000000
0.338593139755369 0.181558731913089 0.000000000000000
0.338593139755369 0.338593139755369 0.000000000000000
0.338593139755369 0.449878997705730 0.000000000000000
0.338593139755369 0.500000000000000 0.000000000000000
0.449878997705730 -0.500000000000000 0.000000000000000
0.449878997705730 -0.449878997705730 0.000000000000000
0.449878997705730 -0.338593139755369 0.000000000000000
0.449878997705730 -0.181558731913089 0.000000000000000
0.449878997705730 0.000000000000000 0.000000000000000
0.449878997705730 0.181558731913089 0.000000000000000
0.449878997705730 0.338593139755369 0.000000000000000
0.449878997705730 0.449878997705730 0.000000000000000
0.449878997705730 0.500000000000000 0.000000000000000
0.500000000000000 -0.500000000000000 0.000000000000000
0.500000000000000 -0.449878997705730 0.000000000000000
0.500000000000000 -0.338593139755369 0.000000000000000
0.500000000000000 -0.181558731913089 0.000000000000000
0.500000000000000 0.000000000000000 0.000000000000000
0.500000000000000 0.181558731913089 0.000000000000000
0.500000000000000 0.338593139755369 0.000000000000000
0.500000000000000 0.449878997705730 0.000000000000000
0.500000000000000 0.500000000000000 0.000000000000000
-0.405244013240841 -0.405244013240841 0.189511973518317
-0.405244013240841 -0.353267476285200 0.189511973518317
-0.405244013240841 -0.239782956159301 0.189511973518317
-0.405244013240841 -0.084817255030970 0.189511973518317
-0.405244013240841 0.084817255030970 0.189511973518317
-0.405244013240841 0.239782956159301 0.189511973518317
-0.405244013240841 0.353267476285200 0.189511973518317
-0.405244013240841 0.405244013240841 0.189511973518317
-0.353267476285200 -0.405244013240841 0.189511973518317
-0.353267476285200 -0.353267476285200 0.189511973518317
-0.353267476285200 -0.239782956159301 0.189511973518317
-0.353267476285200 -0.084817255030970 0.189511973518317
-0.353267476285200 0.084817255030970 0.189511973518317
-0.353267476285200 0.239782956159301 0.189511973518317
-0.353267476285200 0.353267476285200 0.189511973518317
-0.353267476285200 0.405244013240841 0.189511973518317
-0.239782956159301 -0.405244013240841 0.189511973518317
-0.239782956159301 -0.353267476285200 0.189511973518317
-0.239782956159301 -0.239782956159301 0.189511973518317
-0.239782956159301 -0.084817255030970 0.189511973518317
-0.239782956159301 0.084817255030970 0.189511973518317
-0.239782956159301 0.239782956159301 0.189511973518317
-0.239782956159301 0.353267476285200 0.189511973518317
-0.239782956159301 0.405244013240841 0.189511973518317
-0.084817255030970 -0.405244013240841 0.189511973518317
-0.084817255030970 -0.353267476285200 0.189511973518317
-0.084817255030970 -0.239782956159301 0.189511973518317
-0.084817255030970 -0.084817255030970 0.189511973518317
-0.084817255030970 0.084817255030970 0.189511973518317
-0.084817255030970 0.239782956159301 0.189511973518317
-0.084817255030970 0.353267476285200 0.189511973518317
-0.084817255030970 0.405244013240841 0.189511973518317
0.084817255030970 -0.405244013240841 0.189511973518317
0.084817255030970 -0.353267476285200 0.189511973518317
0.084817255030970 -0.239782956159301 0.189511973518317
0.084817255030970 -0.084817255030970 0.189511973518317
0.084817255030970 0.084817255030970 0.189511973518317
0.084817255030970 0.239782956159301 0.189511973518317
0.084817255030970 0.353267476285200 0.189511973518317
0.084817255030970 0.405244013240841 0.189511973518317
0.239782956159301 -0.405244013240841 0.189511973518317
0.239782956159301 -0.353267476285200 0.189511973518317
0.239782956159301 -0.239782956159301 0.189511973518317
0.239782956159301 -0.084817255030970 0.189511973518317
0.239782956159301 0.084817255030970 0.189511973518317
0.239782956159301 0.239782956159301 0.189511973518317
0.239782956159301 0.353267476285200 0.189511973518317
0.239782956159301 0.405244013240841 0.189511973518317
0.353267476285200 -0.405244013240841 0.189511973518317
0.353267476285200 -0.353267476285200 0.189511973518317
0.353267476285200 -0.239782956159301 0.189511973518317
0.353267476285200 -0.084817255030970 0.189511973518317
0.353267476285200 0.084817255030970 0.189511973518317
0.353267476285200 0.239782956159301 0.189511973518317
0.353267476285200 0.353267476285200 0.189511973518317
0.353267476285200 0.405244013240841 0.189511973518317
0.405244013240841 -0.405244013240841 0.189511973518317
0.405244013240841 -0.353267476285200 0.189511973518317
0.405244013240841 -0.239782956159301 0.189511973518317
0.405244013240841 -0.084817255030970 0.189511973518317
0.405244013240841 0.084817255030970 0.189511973518317
0.405244013240841 0.239782956159301 0.189511973518317
0.405244013240841 0.353267476285200 0.189511973518317
0.405244013240841 0.405244013240841 0.189511973518317
-0.313912783217261 -0.313912783217261 0.372174433565477
-0.313912783217261 -0.260617893974284 0.372174433565477
-0.313912783217261 -0.147177629666447 0.372174433565477
-0.313912783217261 0.000000000000000 0.372174433565477
-0.313912783217261 0.147177629666447 0.372174433565477
-0.313912783217261 0.260617893974284 0.372174433565477
-0.313912783217261 0.313912783217261 0.372174433565477
-0.260617893974284 -0.313912783217261 0.372174433565477
-0.260617893974284 -0.260617893974284 0.372174433565477
-0.260617893974284 -0.147177629666447 0.372174433565477
-0.260617893974284 0.000000000000000 0.372174433565477
-0.260617893974284 0.147177629666447 0.372174433565477
-0.260617893974284 0.260617893974284 0.372174433565477
-0.260617893974284 0.313912783217261 0.372174433565477
-0.147177629666447 -0.313912783217261 0.372174433565477
-0.147177629666447 -0.260617893974284 0.372174433565477
-0.147177629666447 -0.147177629666447 0.372174433565477
-0.147177629666447 0.000000000000000 0.372174433565477
-0.147177629666447 0.147177629666447 0.372174433565477
-0.147177629666447 0.260617893974284 0.372174433565477
-0.147177629666447 0.313912783217261 0.372174433565477
0.000000000000000 -0.313912783217261 0.372174433565477
0.000000000000000 -0.260617893974284 0.372174433565477
0.000000000000000 -0.147177629666447 0.372174433565477
0.000000000000000 0.000000000000000 0.372174433565477
0.000000000000000 0.147177629666447 0.372174433565477
0.000000000000000 0.260617893974284 0.372174433565477
0.000000000000000 0.313912783217261 0.372174433565477
0.147177629666447 -0.313912783217261 0.372174433565477
0.147177629666447 -0.260617893974284 0.372174433565477
0.147177629666447 -0.147177629666447 0.372174433565477
0.147177629666447 0.000000000000000 0.372174433565477
0.147177629666447 0.147177629666447 0.372174433565477
0.147177629666447 0.260617893974284 0.372174433565477
0.147177629666447 0.313912783217261 0.372174433565477
0.260617893974284 -0.313912783217261 0.372174433565477
0.260617893974284 -0.260617893974284 0.372174433565477
0.260617893974284 -0.147177629666447 0.372174433565477
0.260617893974284 0.000000000000000 0.372174433565477
0.260617893974284 0.147177629666447 0.372174433565477
0.260617893974284 0.260617893974284 0.372174433565477
0.260617893974284 0.313912783217261 0.372174433565477
0.313912783217261 -0.313912783217261 0.372174433565477
0.313912783217261 -0.260617893974284 0.372174433565477
0.313912783217261 -0.147177629666447 0.372174433565477
0.313912783217261 0.000000000000000 0.372174433565477
0.313912783217261 0.147177629666447 0.372174433565477
0.313912783217261 0.260617893974284 0.372174433565477
0.313912783217261 0.313912783217261 0.372174433565477
-0.229307300334949 -0.229307300334949 0.541385399330102
-0.229307300334949 -0.175432770937146 0.541385399330102
-0.229307300334949 -0.065405669014620 0.541385399330102
-0.229307300334949 0.065405669014620 0.541385399330102
-0.229307300334949 0.175432770937146 0.541385399330102
-0.229307300334949 0.229307300334949 0.541385399330102
-0.175432770937146 -0.229307300334949 0.541385399330102
-0.175432770937146 -0.175432770937146 0.541385399330102
-0.175432770937146 -0.065405669014620 0.541385399330102
-0.175432770937146 0.065405669014620 0.541385399330102
-0.175432770937146 0.175432770937146 0.541385399330102
-0.175432770937146 0.229307300334949 0.541385399330102
-0.065405669014620 -0.229307300334949 0.541385399330102
-0.065405669014620 -0.175432770937146 0.541385399330102
-0.065405669014620 -0.065405669014620 0.541385399330102
-0.065405669014620 0.065405669014620 0.541385399330102
-0.065405669014620 0.175432770937146 0.541385399330102
-0.065405669014620 0.229307300334949 0.541385399330102
0.065405669014620 -0.229307300334949 0.541385399330102
0.065405669014620 -0.175432770937146 0.541385399330102
0.065405669014620 -0.065405669014620 0.541385399330102
0.065405669014620 0.065405669014620 0.541385399330102
0.065405669014620 0.175432770937146 0.541385399330102
0.065405669014620 0.229307300334949 0.541385399330102
0.175432770937146 -0.229307300334949 0.541385399330102
0.175432770937146 -0.175432770937146 0.541385399330102
0.175432770937146 -0.065405669014620 0.541385399330102
0.175432770937146 0.065405669014620 0.541385399330102
0.175432770937146 0.175432770937146 0.541385399330102
0.175432770937146 0.229307300334949 0.541385399330102
0.229307300334949 -0.229307300334949 0.541385399330102
0.229307300334949 -0.175432770937146 0.541385399330102
0.229307300334949 -0.065405669014620 0.541385399330102
0.229307300334949 0.065405669014620 0.541385399330102
0.229307300334949 0.175432770937146 0.541385399330102
0.229307300334949 0.229307300334949 0.541385399330102
-0.154485509686158 -0.154485509686158 0.691028980627685
-0.154485509686158 -0.101134505987236 0.691028980627685
-0.154485509686158 0.000000000000000 0.691028980627685
-0.154485509686158 0.101134505987236 0.691028980627685
-0.154485509686158 0.154485509686158 0.691028980627685
-0.101134505987236 -0.154485509686158 0.691028980627685
-0.101134505987236 -0.101134505987236 0.691028980627685
-0.101134505987236 0.000000000000000 0.691028980627685
-0.101134505987236 0.101134505987236 0.691028980627685
-0.101134505987236 0.154485509686158 0.691028980627685
0.000000000000000 -0.154485509686158 0.691028980627685
0.000000000000000 -0.101134505987236 0.691028980627685
0.000000000000000 0.000000000000000 0.691028980627685
0.000000000000000 0.101134505987236 0.691028980627685
0.000000000000000 0.154485509686158 0.691028980627685
0.101134505987236 -0.154485509686158 0.691028980627685
0.101134505987236 -0.101134505987236 0.691028980627685
0.101134505987236 0.000000000000000 0.691028980627685
0.101134505987236 0.101134505987236 0.691028980627685
0.101134505987236 0.154485509686158 0.691028980627685
0.154485509686158 -0.154485509686158 0.691028980627685
0.154485509686158 -0.101134505987236 0.691028980627685
0.154485509686158 0.000000000000000 0.691028980627685
0.154485509686158 0.101134505987236 0.691028980627685
0.154485509686158 0.154485509686158 0.691028980627685
-0.092151874389115 -0.092151874389115 0.815696251221770
-0.092151874389115 -0.041211571077617 0.815696251221770
-0.092151874389115 0.041211571077617 0.815696251221770
-0.092151874389115 0.092151874389115 0.815696251221770
-0.041211571077617 -0.092151874389115 0.815696251221770
-0.041211571077617 -0.041211571077617 0.815696251221770
-0.041211571077617 0.041211571077617 0.815696251221770
-0.041211571077617 0.092151874389115 0.815696251221770
0.041211571077617 -0.092151874389115 0.815696251221770
0.041211571077617 -0.041211571077617 0.815696251221770
0.041211571077617 0.041211571077617 0.815696251221770
0.041211571077617 0.092151874389115 0.815696251221770
0.092151874389115 -0.092151874389115 0.815696251221770
0.092151874389115 -0.041211571077617 0.815696251221770
0.092151874389115 0.041211571077617 0.815696251221770
0.092151874389115 0.092151874389115 0.815696251221770
-0.044560002042213 -0.044560002042213 0.910879995915574
-0.044560002042213 0.000000000000000 0.910879995915574
-0.044560002042213 0.044560002042213 0.910879995915574
0.000000000000000 -0.044560002042213 0.910879995915574
0.000000000000000 0.000000000000000 0.910879995915574
0.000000000000000 0.044560002042213 0.910879995915574
0.044560002042213 -0.044560002042213 0.910879995915574
0.044560002042213 0.000000000000000 0.910879995915574
0.044560002042213 0.044560002042213 0.910879995915574
-0.013433911684291 -0.013433911684291 0.973132176631418
-0.013433911684291 0.013433911684291 0.973132176631418
0.013433911684291 -0.013433911684291 0.973132176631418
0.013433911684291 0.013433911684291 0.973132176631418
0.000000000000000 0.000000000000000 1.000000000000000
